33 33 33
33 33 33
33 33 33
33 33 33
33 33 33
33 33 33
33 33 33
33 33 33
33 33 33
33 33 33
33 33 33
33 33 33
33 33 33
33 33 33
33 33 33
33 33 33
33 33 33
33 33 33
33 33 33
33 33 33
33 33 33
33 33 33
33 33 33
33 33 33
33 33 33
33 33 33
33 33 33
33 33 33
33 33 33
33 33 33
33 33 33
33 33 33
33 33 33
33 33 33
33 33 33
33 33 33
33 33 33
33 33 33
33 33 33
33 33 33
33 33 33
33 33 33
33 33 33
33 33 33
33 33 33
33 33 33
33 33 33
33 33 33
33 33 33
33 33 33
33 33 33
33 33 33
33 33 33
33 33 33
33 33 33
33 33 33
33 33 33
33 33 33
33 33 33
33 33 33
33 33 33
33 33 33
33 33 33
33 33 33
33 33 33
33 33 33
33 33 33
33 33 33
33 33 33
33 33 33
33 33 33
33 33 33
33 33 33
33 33 33
33 33 33
33 33 33
33 33 33
33 33 33
33 33 33
33 33 33
33 33 33
33 33 33
33 33 33
33 33 33
33 33 33
33 33 33
33 33 33
33 33 33
33 33 33
33 33 33
33 33 33
33 33 33
33 33 33
33 33 33
33 33 33
33 33 33
33 33 33
33 33 33
33 33 33
33 33 33
33 33 33
33 33 33
33 33 33
33 33 33
33 33 33
33 33 33
33 33 33
33 33 33
33 33 33
33 33 33
33 33 33
33 33 33
33 33 33
33 33 33
33 33 33
33 33 33
33 33 33
33 33 33
33 33 33
33 33 33
33 33 33
33 33 33
33 33 33
33 33 33
33 33 33
33 33 33
33 33 33
33 33 33
33 33 33
33 33 33
33 33 33
33 33 33
33 33 33
33 33 33
33 33 33
33 33 33
33 33 33
33 33 33
33 33 33
33 33 33
33 33 33
33 33 33
33 33 33
33 33 33
33 33 33
33 33 33
33 33 33
33 33 33
33 33 33
33 33 33
33 33 33
33 33 33
112 112 112
244 244 244
255 255 255
255 255 255
255 255 255
255 255 255
255 255 255
255 255 255
255 255 255
255 255 255
246 246 246
118 118 118
33 33 33
33 33 33
33 33 33
33 33 33
33 33 33
33 33 33
33 33 33
33 33 33
33 33 33
33 33 33
33 33 33
33 33 33
33 33 33
33 33 33
33 33 33
33 33 33
33 33 33
33 33 33
33 33 33
33 33 33
33 33 33
33 33 33
33 33 33
232 232 232
181 181 181
33 33 33
33 33 33
33 33 33
33 33 33
33 33 33
33 33 33
33 33 33
33 33 33
177 177 177
233 233 233
52 52 52
33 33 33
33 33 33
33 33 33
33 33 33
33 33 33
33 33 33
33 33 33
33 33 33
33 33 33
33 33 33
33 33 33
33 33 33
33 33 33
33 33 33
33 33 33
183 183 183
251 251 251
255 255 255
255 255 255
255 255 255
255 255 255
255 255 255
221 221 221
33 33 33
33 33 33
33 33 33
33 33 33
33 33 33
33 33 33
33 33 33
33 33 33
33 33 33
33 33 33
217 217 217
255 255 255
255 255 255
255 255 255
255 255 255
255 255 255
251 251 251
191 191 191
33 33 33
33 33 33
33 33 33
33 33 33
33 33 33
33 33 33
33 33 33
33 33 33
33 33 33
255 255 255
100 100 100
33 33 33
33 33 33
33 33 33
33 33 33
33 33 33
33 33 33
33 33 33
33 33 33
33 33 33
33 33 33
33 33 33
33 33 33
33 33 33
33 33 33
33 33 33
33 33 33
33 33 33
33 33 33
33 33 33
33 33 33
33 33 33
33 33 33
86 86 86
255 255 255
33 33 33
33 33 33
33 33 33
33 33 33
33 33 33
33 33 33
33 33 33
33 33 33
33 33 33
255 255 255
33 33 33
33 33 33
117 117 117
171 171 171
91 91 91
33 33 33
33 33 33
33 33 33
33 33 33
33 33 33
33 33 33
33 33 33
33 33 33
33 33 33
33 33 33
33 33 33
33 33 33
33 33 33
33 33 33
33 33 33
33 33 33
33 33 33
33 33 33
33 33 33
255 255 255
33 33 33
33 33 33
33 33 33
33 33 33
33 33 33
33 33 33
33 33 33
33 33 33
33 33 33
255 255 255
33 33 33
33 33 33
229 229 229
255 255 255
211 211 211
33 33 33
33 33 33
33 33 33
33 33 33
116 116 116
204 204 204
232 232 232
232 232 232
207 207 207
116 116 116
33 33 33
33 33 33
33 33 33
33 33 33
33 33 33
33 33 33
33 33 33
33 33 33
33 33 33
255 255 255
33 33 33
33 33 33
33 33 33
33 33 33
33 33 33
33 33 33
33 33 33
33 33 33
33 33 33
255 255 255
33 33 33
33 33 33
164 164 164
204 204 204
138 138 138
33 33 33
33 33 33
33 33 33
146 146 146
246 246 246
185 185 185
127 127 127
127 127 127
185 185 185
246 246 246
159 159 159
33 33 33
33 33 33
33 33 33
33 33 33
33 33 33
33 33 33
33 33 33
33 33 33
255 255 255
33 33 33
33 33 33
33 33 33
33 33 33
33 33 33
33 33 33
33 33 33
33 33 33
33 33 33
255 255 255
33 33 33
33 33 33
33 33 33
33 33 33
33 33 33
33 33 33
33 33 33
86 86 86
246 246 246
137 137 137
33 33 33
33 33 33
33 33 33
33 33 33
131 131 131
246 246 246
100 100 100
33 33 33
33 33 33
33 33 33
33 33 33
33 33 33
33 33 33
33 33 33
255 255 255
33 33 33
33 33 33
33 33 33
33 33 33
33 33 33
33 33 33
33 33 33
33 33 33
33 33 33
255 255 255
33 33 33
33 33 33
33 33 33
33 33 33
33 33 33
33 33 33
33 33 33
186 186 186
204 204 204
33 33 33
33 33 33
33 33 33
33 33 33
33 33 33
33 33 33
200 200 200
190 190 190
33 33 33
33 33 33
33 33 33
33 33 33
33 33 33
33 33 33
33 33 33
255 255 255
33 33 33
33 33 33
33 33 33
33 33 33
33 33 33
33 33 33
33 33 33
33 33 33
33 33 33
255 255 255
33 33 33
33 33 33
33 33 33
33 33 33
33 33 33
33 33 33
33 33 33
204 204 204
171 171 171
33 33 33
33 33 33
33 33 33
33 33 33
33 33 33
33 33 33
171 171 171
204 204 204
33 33 33
33 33 33
33 33 33
33 33 33
33 33 33
33 33 33
33 33 33
255 255 255
33 33 33
33 33 33
33 33 33
33 33 33
33 33 33
33 33 33
33 33 33
33 33 33
33 33 33
255 255 255
33 33 33
33 33 33
33 33 33
33 33 33
33 33 33
33 33 33
33 33 33
204 204 204
181 181 181
33 33 33
33 33 33
33 33 33
33 33 33
33 33 33
33 33 33
178 178 178
204 204 204
33 33 33
33 33 33
33 33 33
33 33 33
33 33 33
33 33 33
33 33 33
255 255 255
33 33 33
33 33 33
33 33 33
33 33 33
33 33 33
33 33 33
33 33 33
33 33 33
33 33 33
255 255 255
33 33 33
33 33 33
33 33 33
33 33 33
33 33 33
33 33 33
33 33 33
154 154 154
234 234 234
33 33 33
33 33 33
33 33 33
33 33 33
33 33 33
33 33 33
231 231 231
156 156 156
33 33 33
33 33 33
33 33 33
33 33 33
33 33 33
33 33 33
33 33 33
255 255 255
33 33 33
33 33 33
33 33 33
33 33 33
33 33 33
33 33 33
33 33 33
33 33 33
33 33 33
255 255 255
33 33 33
33 33 33
33 33 33
33 33 33
33 33 33
33 33 33
33 33 33
33 33 33
222 222 222
205 205 205
66 66 66
33 33 33
33 33 33
66 66 66
205 205 205
225 225 225
33 33 33
33 33 33
33 33 33
33 33 33
33 33 33
33 33 33
33 33 33
33 33 33
255 255 255
33 33 33
33 33 33
33 33 33
33 33 33
33 33 33
33 33 33
33 33 33
33 33 33
33 33 33
255 255 255
33 33 33
33 33 33
33 33 33
33 33 33
33 33 33
33 33 33
33 33 33
33 33 33
66 66 66
209 209 209
246 246 246
212 212 212
212 212 212
246 246 246
212 212 212
66 66 66
33 33 33
33 33 33
33 33 33
33 33 33
33 33 33
33 33 33
33 33 33
33 33 33
255 255 255
33 33 33
33 33 33
33 33 33
33 33 33
33 33 33
33 33 33
33 33 33
33 33 33
33 33 33
255 255 255
33 33 33
33 33 33
33 33 33
33 33 33
33 33 33
33 33 33
33 33 33
33 33 33
33 33 33
33 33 33
103 103 103
165 165 165
165 165 165
101 101 101
33 33 33
33 33 33
33 33 33
33 33 33
33 33 33
33 33 33
33 33 33
33 33 33
33 33 33
33 33 33
255 255 255
33 33 33
33 33 33
33 33 33
33 33 33
33 33 33
33 33 33
33 33 33
33 33 33
33 33 33
255 255 255
33 33 33
33 33 33
33 33 33
33 33 33
33 33 33
33 33 33
33 33 33
33 33 33
33 33 33
33 33 33
33 33 33
33 33 33
33 33 33
33 33 33
33 33 33
33 33 33
33 33 33
33 33 33
33 33 33
33 33 33
33 33 33
33 33 33
33 33 33
33 33 33
255 255 255
33 33 33
33 33 33
33 33 33
33 33 33
33 33 33
33 33 33
33 33 33
33 33 33
33 33 33
255 255 255
33 33 33
33 33 33
33 33 33
33 33 33
33 33 33
33 33 33
33 33 33
33 33 33
33 33 33
33 33 33
33 33 33
33 33 33
33 33 33
33 33 33
33 33 33
33 33 33
33 33 33
33 33 33
33 33 33
33 33 33
33 33 33
33 33 33
33 33 33
33 33 33
255 255 255
33 33 33
33 33 33
33 33 33
33 33 33
33 33 33
33 33 33
33 33 33
33 33 33
33 33 33
255 255 255
68 68 68
33 33 33
33 33 33
33 33 33
33 33 33
33 33 33
33 33 33
33 33 33
33 33 33
33 33 33
33 33 33
33 33 33
33 33 33
33 33 33
33 33 33
33 33 33
33 33 33
33 33 33
33 33 33
33 33 33
33 33 33
33 33 33
33 33 33
66 66 66
255 255 255
33 33 33
33 33 33
33 33 33
33 33 33
33 33 33
33 33 33
33 33 33
33 33 33
33 33 33
192 192 192
255 255 255
255 255 255
255 255 255
255 255 255
255 255 255
255 255 255
255 255 255
255 255 255
255 255 255
255 255 255
255 255 255
255 255 255
255 255 255
255 255 255
255 255 255
255 255 255
255 255 255
255 255 255
255 255 255
255 255 255
255 255 255
255 255 255
255 255 255
255 255 255
192 192 192
33 33 33
33 33 33
33 33 33
33 33 33
33 33 33
33 33 33
33 33 33
33 33 33
33 33 33
33 33 33
33 33 33
33 33 33
33 33 33
33 33 33
33 33 33
33 33 33
33 33 33
33 33 33
33 33 33
33 33 33
33 33 33
33 33 33
33 33 33
33 33 33
33 33 33
33 33 33
33 33 33
33 33 33
33 33 33
33 33 33
33 33 33
33 33 33
33 33 33
33 33 33
33 33 33
33 33 33
33 33 33
33 33 33
33 33 33
33 33 33
33 33 33
33 33 33
33 33 33
33 33 33
33 33 33
33 33 33
33 33 33
33 33 33
33 33 33
33 33 33
33 33 33
33 33 33
33 33 33
33 33 33
33 33 33
33 33 33
33 33 33
33 33 33
33 33 33
33 33 33
33 33 33
33 33 33
33 33 33
33 33 33
33 33 33
33 33 33
33 33 33
33 33 33
33 33 33
33 33 33
33 33 33
33 33 33
33 33 33
33 33 33
