33 33 33
33 33 33
33 33 33
33 33 33
33 33 33
33 33 33
33 33 33
33 33 33
33 33 33
33 33 33
33 33 33
33 33 33
33 33 33
33 33 33
33 33 33
33 33 33
33 33 33
33 33 33
33 33 33
33 33 33
33 33 33
33 33 33
33 33 33
33 33 33
33 33 33
33 33 33
33 33 33
33 33 33
33 33 33
33 33 33
33 33 33
33 33 33
33 33 33
33 33 33
33 33 33
33 33 33
33 33 33
33 33 33
33 33 33
33 33 33
33 33 33
33 33 33
33 33 33
33 33 33
33 33 33
33 33 33
33 33 33
33 33 33
33 33 33
33 33 33
33 33 33
33 33 33
33 33 33
33 33 33
33 33 33
33 33 33
33 33 33
33 33 33
33 33 33
33 33 33
33 33 33
33 33 33
33 33 33
33 33 33
33 33 33
33 33 33
33 33 33
33 33 33
33 33 33
33 33 33
33 33 33
33 33 33
33 33 33
33 33 33
33 33 33
33 33 33
33 33 33
33 33 33
33 33 33
33 33 33
33 33 33
33 33 33
33 33 33
33 33 33
33 33 33
33 33 33
33 33 33
33 33 33
33 33 33
33 33 33
33 33 33
33 33 33
33 33 33
33 33 33
33 33 33
33 33 33
33 33 33
42 42 42
192 192 192
191 191 191
38 38 38
33 33 33
33 33 33
33 33 33
33 33 33
33 33 33
33 33 33
33 33 33
33 33 33
33 33 33
33 33 33
33 33 33
33 33 33
33 33 33
33 33 33
33 33 33
33 33 33
33 33 33
33 33 33
33 33 33
33 33 33
33 33 33
33 33 33
33 33 33
33 33 33
33 33 33
33 33 33
33 33 33
33 33 33
33 33 33
33 33 33
42 42 42
208 208 208
255 255 255
255 255 255
205 205 205
38 38 38
33 33 33
33 33 33
33 33 33
33 33 33
33 33 33
33 33 33
33 33 33
33 33 33
33 33 33
33 33 33
33 33 33
33 33 33
33 33 33
33 33 33
33 33 33
33 33 33
33 33 33
33 33 33
33 33 33
33 33 33
33 33 33
33 33 33
33 33 33
33 33 33
33 33 33
33 33 33
33 33 33
33 33 33
33 33 33
195 195 195
255 255 255
255 255 255
255 255 255
255 255 255
196 196 196
33 33 33
33 33 33
33 33 33
33 33 33
33 33 33
33 33 33
33 33 33
33 33 33
33 33 33
33 33 33
33 33 33
33 33 33
33 33 33
33 33 33
33 33 33
33 33 33
33 33 33
33 33 33
33 33 33
33 33 33
33 33 33
33 33 33
33 33 33
33 33 33
33 33 33
33 33 33
33 33 33
42 42 42
208 208 208
255 255 255
255 255 255
255 255 255
255 255 255
255 255 255
208 208 208
33 33 33
33 33 33
33 33 33
33 33 33
33 33 33
33 33 33
33 33 33
33 33 33
33 33 33
33 33 33
33 33 33
33 33 33
33 33 33
33 33 33
33 33 33
33 33 33
33 33 33
33 33 33
33 33 33
33 33 33
33 33 33
33 33 33
33 33 33
33 33 33
33 33 33
33 33 33
33 33 33
201 201 201
255 255 255
255 255 255
255 255 255
255 255 255
255 255 255
217 217 217
52 52 52
33 33 33
33 33 33
33 33 33
33 33 33
33 33 33
33 33 33
33 33 33
33 33 33
33 33 33
33 33 33
33 33 33
33 33 33
33 33 33
33 33 33
33 33 33
33 33 33
33 33 33
33 33 33
33 33 33
33 33 33
33 33 33
33 33 33
33 33 33
33 33 33
33 33 33
49 49 49
208 208 208
255 255 255
255 255 255
255 255 255
255 255 255
255 255 255
208 208 208
52 52 52
33 33 33
33 33 33
33 33 33
33 33 33
33 33 33
33 33 33
33 33 33
33 33 33
33 33 33
33 33 33
33 33 33
33 33 33
33 33 33
33 33 33
33 33 33
33 33 33
33 33 33
33 33 33
33 33 33
33 33 33
33 33 33
33 33 33
33 33 33
33 33 33
33 33 33
33 33 33
207 207 207
255 255 255
255 255 255
255 255 255
255 255 255
255 255 255
214 214 214
52 52 52
33 33 33
33 33 33
33 33 33
33 33 33
33 33 33
33 33 33
33 33 33
33 33 33
33 33 33
33 33 33
33 33 33
33 33 33
33 33 33
33 33 33
33 33 33
33 33 33
33 33 33
33 33 33
33 33 33
33 33 33
33 33 33
33 33 33
33 33 33
33 33 33
33 33 33
52 52 52
206 206 206
255 255 255
255 255 255
255 255 255
255 255 255
255 255 255
208 208 208
52 52 52
33 33 33
33 33 33
33 33 33
33 33 33
33 33 33
33 33 33
33 33 33
33 33 33
33 33 33
33 33 33
33 33 33
33 33 33
152 152 152
151 151 151
33 33 33
33 33 33
33 33 33
33 33 33
33 33 33
33 33 33
33 33 33
33 33 33
33 33 33
33 33 33
33 33 33
38 38 38
213 213 213
255 255 255
255 255 255
255 255 255
255 255 255
255 255 255
212 212 212
33 33 33
33 33 33
33 33 33
33 33 33
33 33 33
33 33 33
33 33 33
33 33 33
33 33 33
33 33 33
33 33 33
33 33 33
33 33 33
153 153 153
251 251 251
252 252 252
158 158 158
33 33 33
33 33 33
33 33 33
33 33 33
33 33 33
33 33 33
33 33 33
33 33 33
33 33 33
52 52 52
203 203 203
255 255 255
255 255 255
255 255 255
255 255 255
255 255 255
209 209 209
46 46 46
33 33 33
33 33 33
33 33 33
33 33 33
33 33 33
33 33 33
33 33 33
33 33 33
33 33 33
33 33 33
33 33 33
33 33 33
158 158 158
255 255 255
255 255 255
255 255 255
255 255 255
154 154 154
33 33 33
33 33 33
33 33 33
33 33 33
33 33 33
33 33 33
33 33 33
33 33 33
218 218 218
255 255 255
255 255 255
255 255 255
255 255 255
255 255 255
207 207 207
33 33 33
33 33 33
33 33 33
33 33 33
33 33 33
33 33 33
33 33 33
33 33 33
33 33 33
33 33 33
33 33 33
33 33 33
33 33 33
33 33 33
235 235 235
255 255 255
255 255 255
255 255 255
255 255 255
253 253 253
156 156 156
33 33 33
33 33 33
33 33 33
33 33 33
33 33 33
38 38 38
205 205 205
255 255 255
255 255 255
255 255 255
255 255 255
255 255 255
209 209 209
42 42 42
33 33 33
33 33 33
33 33 33
33 33 33
33 33 33
33 33 33
33 33 33
33 33 33
33 33 33
33 33 33
33 33 33
33 33 33
33 33 33
33 33 33
95 95 95
238 238 238
255 255 255
255 255 255
255 255 255
255 255 255
254 254 254
163 163 163
33 33 33
33 33 33
33 33 33
58 58 58
220 220 220
255 255 255
255 255 255
255 255 255
255 255 255
255 255 255
201 201 201
42 42 42
33 33 33
33 33 33
33 33 33
33 33 33
33 33 33
33 33 33
33 33 33
33 33 33
33 33 33
33 33 33
33 33 33
33 33 33
33 33 33
33 33 33
33 33 33
33 33 33
94 94 94
237 237 237
255 255 255
255 255 255
255 255 255
255 255 255
253 253 253
159 159 159
33 33 33
42 42 42
208 208 208
255 255 255
255 255 255
255 255 255
255 255 255
255 255 255
208 208 208
42 42 42
33 33 33
33 33 33
33 33 33
33 33 33
33 33 33
33 33 33
33 33 33
33 33 33
33 33 33
33 33 33
33 33 33
33 33 33
33 33 33
33 33 33
33 33 33
33 33 33
33 33 33
33 33 33
94 94 94
236 236 236
255 255 255
255 255 255
255 255 255
255 255 255
253 253 253
175 175 175
219 219 219
255 255 255
255 255 255
255 255 255
255 255 255
255 255 255
199 199 199
42 42 42
33 33 33
33 33 33
33 33 33
33 33 33
33 33 33
33 33 33
33 33 33
33 33 33
33 33 33
33 33 33
33 33 33
33 33 33
33 33 33
33 33 33
33 33 33
33 33 33
33 33 33
33 33 33
33 33 33
33 33 33
94 94 94
236 236 236
255 255 255
255 255 255
255 255 255
255 255 255
255 255 255
255 255 255
255 255 255
255 255 255
255 255 255
255 255 255
206 206 206
38 38 38
33 33 33
33 33 33
33 33 33
33 33 33
33 33 33
33 33 33
33 33 33
33 33 33
33 33 33
33 33 33
33 33 33
33 33 33
33 33 33
33 33 33
33 33 33
33 33 33
33 33 33
33 33 33
33 33 33
33 33 33
33 33 33
33 33 33
91 91 91
235 235 235
255 255 255
255 255 255
255 255 255
255 255 255
255 255 255
255 255 255
255 255 255
255 255 255
196 196 196
33 33 33
33 33 33
33 33 33
33 33 33
33 33 33
33 33 33
33 33 33
33 33 33
33 33 33
33 33 33
33 33 33
33 33 33
33 33 33
33 33 33
33 33 33
33 33 33
33 33 33
33 33 33
33 33 33
33 33 33
33 33 33
33 33 33
33 33 33
33 33 33
33 33 33
87 87 87
235 235 235
255 255 255
255 255 255
255 255 255
255 255 255
255 255 255
255 255 255
204 204 204
33 33 33
33 33 33
33 33 33
33 33 33
33 33 33
33 33 33
33 33 33
33 33 33
33 33 33
33 33 33
33 33 33
33 33 33
33 33 33
33 33 33
33 33 33
33 33 33
33 33 33
33 33 33
33 33 33
33 33 33
33 33 33
33 33 33
33 33 33
33 33 33
33 33 33
33 33 33
33 33 33
86 86 86
234 234 234
255 255 255
255 255 255
255 255 255
255 255 255
198 198 198
38 38 38
33 33 33
33 33 33
33 33 33
33 33 33
33 33 33
33 33 33
33 33 33
33 33 33
33 33 33
33 33 33
33 33 33
33 33 33
33 33 33
33 33 33
33 33 33
33 33 33
33 33 33
33 33 33
33 33 33
33 33 33
33 33 33
33 33 33
33 33 33
33 33 33
33 33 33
33 33 33
33 33 33
33 33 33
86 86 86
233 233 233
255 255 255
255 255 255
199 199 199
33 33 33
33 33 33
33 33 33
33 33 33
33 33 33
33 33 33
33 33 33
33 33 33
33 33 33
33 33 33
33 33 33
33 33 33
33 33 33
33 33 33
33 33 33
33 33 33
33 33 33
33 33 33
33 33 33
33 33 33
33 33 33
33 33 33
33 33 33
33 33 33
33 33 33
33 33 33
33 33 33
33 33 33
33 33 33
33 33 33
33 33 33
86 86 86
232 232 232
201 201 201
33 33 33
33 33 33
33 33 33
33 33 33
33 33 33
33 33 33
33 33 33
33 33 33
33 33 33
33 33 33
33 33 33
33 33 33
33 33 33
33 33 33
33 33 33
33 33 33
33 33 33
33 33 33
33 33 33
33 33 33
33 33 33
33 33 33
33 33 33
33 33 33
33 33 33
33 33 33
33 33 33
33 33 33
33 33 33
33 33 33
33 33 33
33 33 33
33 33 33
33 33 33
33 33 33
33 33 33
33 33 33
33 33 33
33 33 33
33 33 33
33 33 33
33 33 33
33 33 33
33 33 33
33 33 33
33 33 33
33 33 33
33 33 33
33 33 33
33 33 33
33 33 33
33 33 33
33 33 33
33 33 33
33 33 33
33 33 33
33 33 33
33 33 33
33 33 33
33 33 33
33 33 33
33 33 33
33 33 33
33 33 33
33 33 33
33 33 33
33 33 33
33 33 33
33 33 33
33 33 33
33 33 33
33 33 33
33 33 33
33 33 33
33 33 33
33 33 33
33 33 33
33 33 33
33 33 33
33 33 33
33 33 33
33 33 33
33 33 33
33 33 33
33 33 33
33 33 33
33 33 33
33 33 33
33 33 33
33 33 33
