33 33 33
33 33 33
33 33 33
33 33 33
33 33 33
33 33 33
33 33 33
33 33 33
33 33 33
33 33 33
33 33 33
33 33 33
33 33 33
33 33 33
33 33 33
33 33 33
33 33 33
33 33 33
33 33 33
33 33 33
33 33 33
33 33 33
33 33 33
33 33 33
33 33 33
33 33 33
33 33 33
33 33 33
33 33 33
33 33 33
33 33 33
33 33 33
33 33 33
33 33 33
33 33 33
33 33 33
33 33 33
33 33 33
33 33 33
33 33 33
33 33 33
33 33 33
33 33 33
33 33 33
33 33 33
33 33 33
33 33 33
33 33 33
33 33 33
33 33 33
33 33 33
33 33 33
33 33 33
33 33 33
33 33 33
33 33 33
33 33 33
33 33 33
33 33 33
33 33 33
33 33 33
33 33 33
33 33 33
33 33 33
33 33 33
33 33 33
33 33 33
33 33 33
33 33 33
33 33 33
33 33 33
33 33 33
33 33 33
33 33 33
33 33 33
33 33 33
33 33 33
33 33 33
33 33 33
33 33 33
33 33 33
33 33 33
33 33 33
33 33 33
33 33 33
33 33 33
200 200 200
242 242 242
200 200 200
33 33 33
33 33 33
33 33 33
33 33 33
33 33 33
33 33 33
33 33 33
33 33 33
33 33 33
33 33 33
33 33 33
33 33 33
33 33 33
33 33 33
33 33 33
33 33 33
33 33 33
33 33 33
33 33 33
33 33 33
33 33 33
33 33 33
33 33 33
33 33 33
33 33 33
33 33 33
33 33 33
33 33 33
33 33 33
33 33 33
33 33 33
33 33 33
211 211 211
255 255 255
211 211 211
33 33 33
33 33 33
33 33 33
33 33 33
33 33 33
33 33 33
33 33 33
33 33 33
33 33 33
33 33 33
33 33 33
33 33 33
33 33 33
33 33 33
33 33 33
33 33 33
33 33 33
33 33 33
33 33 33
33 33 33
33 33 33
33 33 33
33 33 33
33 33 33
33 33 33
33 33 33
33 33 33
63 63 63
154 154 154
33 33 33
33 33 33
33 33 33
211 211 211
255 255 255
211 211 211
33 33 33
33 33 33
38 38 38
175 175 175
63 63 63
33 33 33
33 33 33
33 33 33
33 33 33
33 33 33
33 33 33
33 33 33
33 33 33
33 33 33
33 33 33
33 33 33
33 33 33
33 33 33
33 33 33
33 33 33
33 33 33
33 33 33
33 33 33
33 33 33
33 33 33
33 33 33
111 111 111
236 236 236
255 255 255
136 136 136
33 33 33
33 33 33
211 211 211
255 255 255
211 211 211
33 33 33
33 33 33
164 164 164
255 255 255
236 236 236
114 114 114
33 33 33
33 33 33
33 33 33
33 33 33
33 33 33
33 33 33
33 33 33
33 33 33
33 33 33
33 33 33
33 33 33
33 33 33
33 33 33
33 33 33
33 33 33
33 33 33
33 33 33
33 33 33
33 33 33
117 117 117
245 245 245
255 255 255
253 253 253
167 167 167
33 33 33
33 33 33
211 211 211
255 255 255
211 211 211
33 33 33
33 33 33
176 176 176
253 253 253
255 255 255
249 249 249
122 122 122
33 33 33
33 33 33
33 33 33
33 33 33
33 33 33
33 33 33
33 33 33
33 33 33
33 33 33
33 33 33
33 33 33
33 33 33
33 33 33
33 33 33
33 33 33
33 33 33
33 33 33
84 84 84
242 242 242
255 255 255
245 245 245
126 126 126
33 33 33
33 33 33
33 33 33
211 211 211
255 255 255
211 211 211
33 33 33
33 33 33
33 33 33
126 126 126
245 245 245
255 255 255
242 242 242
84 84 84
33 33 33
33 33 33
33 33 33
33 33 33
33 33 33
33 33 33
33 33 33
33 33 33
33 33 33
33 33 33
33 33 33
33 33 33
33 33 33
33 33 33
33 33 33
33 33 33
204 204 204
255 255 255
249 249 249
116 116 116
33 33 33
33 33 33
33 33 33
33 33 33
211 211 211
255 255 255
211 211 211
33 33 33
33 33 33
33 33 33
33 33 33
117 117 117
249 249 249
255 255 255
209 209 209
33 33 33
33 33 33
33 33 33
33 33 33
33 33 33
33 33 33
33 33 33
33 33 33
33 33 33
33 33 33
33 33 33
33 33 33
33 33 33
33 33 33
33 33 33
105 105 105
254 254 254
255 255 255
174 174 174
33 33 33
33 33 33
33 33 33
33 33 33
33 33 33
211 211 211
255 255 255
211 211 211
33 33 33
33 33 33
33 33 33
33 33 33
33 33 33
173 173 173
255 255 255
255 255 255
114 114 114
33 33 33
33 33 33
33 33 33
33 33 33
33 33 33
33 33 33
33 33 33
33 33 33
33 33 33
33 33 33
33 33 33
33 33 33
33 33 33
33 33 33
189 189 189
255 255 255
243 243 243
44 44 44
33 33 33
33 33 33
33 33 33
33 33 33
33 33 33
211 211 211
255 255 255
211 211 211
33 33 33
33 33 33
33 33 33
33 33 33
33 33 33
46 46 46
240 240 240
255 255 255
194 194 194
33 33 33
33 33 33
33 33 33
33 33 33
33 33 33
33 33 33
33 33 33
33 33 33
33 33 33
33 33 33
33 33 33
33 33 33
33 33 33
33 33 33
228 228 228
255 255 255
197 197 197
33 33 33
33 33 33
33 33 33
33 33 33
33 33 33
33 33 33
211 211 211
255 255 255
211 211 211
33 33 33
33 33 33
33 33 33
33 33 33
33 33 33
33 33 33
192 192 192
255 255 255
231 231 231
33 33 33
33 33 33
33 33 33
33 33 33
33 33 33
33 33 33
33 33 33
33 33 33
33 33 33
33 33 33
33 33 33
33 33 33
33 33 33
33 33 33
247 247 247
255 255 255
165 165 165
33 33 33
33 33 33
33 33 33
33 33 33
33 33 33
33 33 33
211 211 211
255 255 255
211 211 211
33 33 33
33 33 33
33 33 33
33 33 33
33 33 33
33 33 33
162 162 162
255 255 255
250 250 250
33 33 33
33 33 33
33 33 33
33 33 33
33 33 33
33 33 33
33 33 33
33 33 33
33 33 33
33 33 33
33 33 33
33 33 33
33 33 33
33 33 33
255 255 255
255 255 255
133 133 133
33 33 33
33 33 33
33 33 33
33 33 33
33 33 33
33 33 33
162 162 162
196 196 196
162 162 162
33 33 33
33 33 33
33 33 33
33 33 33
33 33 33
33 33 33
128 128 128
255 255 255
255 255 255
33 33 33
33 33 33
33 33 33
33 33 33
33 33 33
33 33 33
33 33 33
33 33 33
33 33 33
33 33 33
33 33 33
33 33 33
33 33 33
33 33 33
251 251 251
255 255 255
158 158 158
33 33 33
33 33 33
33 33 33
33 33 33
33 33 33
33 33 33
33 33 33
33 33 33
33 33 33
33 33 33
33 33 33
33 33 33
33 33 33
33 33 33
33 33 33
151 151 151
255 255 255
253 253 253
33 33 33
33 33 33
33 33 33
33 33 33
33 33 33
33 33 33
33 33 33
33 33 33
33 33 33
33 33 33
33 33 33
33 33 33
33 33 33
33 33 33
235 235 235
255 255 255
187 187 187
33 33 33
33 33 33
33 33 33
33 33 33
33 33 33
33 33 33
33 33 33
33 33 33
33 33 33
33 33 33
33 33 33
33 33 33
33 33 33
33 33 33
33 33 33
185 185 185
255 255 255
237 237 237
33 33 33
33 33 33
33 33 33
33 33 33
33 33 33
33 33 33
33 33 33
33 33 33
33 33 33
33 33 33
33 33 33
33 33 33
33 33 33
33 33 33
200 200 200
255 255 255
232 232 232
33 33 33
33 33 33
33 33 33
33 33 33
33 33 33
33 33 33
33 33 33
33 33 33
33 33 33
33 33 33
33 33 33
33 33 33
33 33 33
33 33 33
33 33 33
227 227 227
255 255 255
204 204 204
33 33 33
33 33 33
33 33 33
33 33 33
33 33 33
33 33 33
33 33 33
33 33 33
33 33 33
33 33 33
33 33 33
33 33 33
33 33 33
33 33 33
133 133 133
255 255 255
255 255 255
142 142 142
33 33 33
33 33 33
33 33 33
33 33 33
33 33 33
33 33 33
33 33 33
33 33 33
33 33 33
33 33 33
33 33 33
33 33 33
33 33 33
138 138 138
255 255 255
255 255 255
139 139 139
33 33 33
33 33 33
33 33 33
33 33 33
33 33 33
33 33 33
33 33 33
33 33 33
33 33 33
33 33 33
33 33 33
33 33 33
33 33 33
33 33 33
33 33 33
224 224 224
255 255 255
238 238 238
69 69 69
33 33 33
33 33 33
33 33 33
33 33 33
33 33 33
33 33 33
33 33 33
33 33 33
33 33 33
33 33 33
33 33 33
68 68 68
239 239 239
255 255 255
229 229 229
38 38 38
33 33 33
33 33 33
33 33 33
33 33 33
33 33 33
33 33 33
33 33 33
33 33 33
33 33 33
33 33 33
33 33 33
33 33 33
33 33 33
33 33 33
33 33 33
120 120 120
252 252 252
255 255 255
228 228 228
75 75 75
33 33 33
33 33 33
33 33 33
33 33 33
33 33 33
33 33 33
33 33 33
33 33 33
33 33 33
74 74 74
228 228 228
255 255 255
252 252 252
123 123 123
33 33 33
33 33 33
33 33 33
33 33 33
33 33 33
33 33 33
33 33 33
33 33 33
33 33 33
33 33 33
33 33 33
33 33 33
33 33 33
33 33 33
33 33 33
33 33 33
33 33 33
160 160 160
254 254 254
255 255 255
241 241 241
145 145 145
33 33 33
33 33 33
33 33 33
33 33 33
33 33 33
33 33 33
33 33 33
141 141 141
240 240 240
255 255 255
255 255 255
166 166 166
33 33 33
33 33 33
33 33 33
33 33 33
33 33 33
33 33 33
33 33 33
33 33 33
33 33 33
33 33 33
33 33 33
33 33 33
33 33 33
33 33 33
33 33 33
33 33 33
33 33 33
33 33 33
33 33 33
159 159 159
251 251 251
255 255 255
255 255 255
233 233 233
187 187 187
156 156 156
134 134 134
156 156 156
187 187 187
232 232 232
255 255 255
255 255 255
251 251 251
163 163 163
33 33 33
33 33 33
33 33 33
33 33 33
33 33 33
33 33 33
33 33 33
33 33 33
33 33 33
33 33 33
33 33 33
33 33 33
33 33 33
33 33 33
33 33 33
33 33 33
33 33 33
33 33 33
33 33 33
33 33 33
33 33 33
116 116 116
223 223 223
255 255 255
255 255 255
255 255 255
255 255 255
255 255 255
255 255 255
255 255 255
255 255 255
255 255 255
225 225 225
118 118 118
33 33 33
33 33 33
33 33 33
33 33 33
33 33 33
33 33 33
33 33 33
33 33 33
33 33 33
33 33 33
33 33 33
33 33 33
33 33 33
33 33 33
33 33 33
33 33 33
33 33 33
33 33 33
33 33 33
33 33 33
33 33 33
33 33 33
33 33 33
33 33 33
128 128 128
197 197 197
230 230 230
247 247 247
255 255 255
247 247 247
229 229 229
197 197 197
130 130 130
33 33 33
33 33 33
33 33 33
33 33 33
33 33 33
33 33 33
33 33 33
33 33 33
33 33 33
33 33 33
33 33 33
33 33 33
33 33 33
33 33 33
33 33 33
33 33 33
33 33 33
33 33 33
33 33 33
33 33 33
33 33 33
33 33 33
33 33 33
33 33 33
33 33 33
33 33 33
33 33 33
33 33 33
33 33 33
33 33 33
33 33 33
33 33 33
33 33 33
33 33 33
33 33 33
33 33 33
33 33 33
33 33 33
33 33 33
33 33 33
33 33 33
33 33 33
33 33 33
33 33 33
33 33 33
33 33 33
33 33 33
33 33 33
