33 33 33
33 33 33
33 33 33
33 33 33
33 33 33
33 33 33
33 33 33
33 33 33
33 33 33
33 33 33
33 33 33
33 33 33
33 33 33
33 33 33
33 33 33
33 33 33
33 33 33
33 33 33
33 33 33
33 33 33
33 33 33
33 33 33
33 33 33
33 33 33
33 33 33
33 33 33
33 33 33
33 33 33
33 33 33
33 33 33
33 33 33
33 33 33
33 33 33
33 33 33
33 33 33
33 33 33
33 33 33
33 33 33
33 33 33
33 33 33
33 33 33
33 33 33
33 33 33
33 33 33
33 33 33
33 33 33
33 33 33
33 33 33
33 33 33
33 33 33
33 33 33
33 33 33
33 33 33
33 33 33
33 33 33
33 33 33
33 33 33
33 33 33
33 33 33
33 33 33
33 33 33
33 33 33
33 33 33
33 33 33
33 33 33
33 33 33
33 33 33
33 33 33
33 33 33
33 33 33
33 33 33
33 33 33
33 33 33
33 33 33
33 33 33
33 33 33
33 33 33
33 33 33
33 33 33
33 33 33
33 33 33
33 33 33
33 33 33
33 33 33
33 33 33
33 33 33
33 33 33
33 33 33
33 33 33
33 33 33
33 33 33
33 33 33
33 33 33
33 33 33
33 33 33
33 33 33
33 33 33
33 33 33
33 33 33
33 33 33
33 33 33
33 33 33
33 33 33
33 33 33
33 33 33
33 33 33
33 33 33
33 33 33
33 33 33
33 33 33
33 33 33
33 33 33
33 33 33
33 33 33
33 33 33
33 33 33
33 33 33
33 33 33
33 33 33
33 33 33
33 33 33
137 137 137
225 225 225
225 225 225
138 138 138
33 33 33
33 33 33
33 33 33
33 33 33
33 33 33
33 33 33
33 33 33
33 33 33
33 33 33
33 33 33
33 33 33
33 33 33
33 33 33
33 33 33
33 33 33
33 33 33
33 33 33
33 33 33
33 33 33
33 33 33
33 33 33
33 33 33
33 33 33
33 33 33
33 33 33
33 33 33
33 33 33
46 46 46
58 58 58
33 33 33
33 33 33
144 144 144
235 235 235
235 235 235
144 144 144
33 33 33
33 33 33
63 63 63
49 49 49
33 33 33
33 33 33
33 33 33
33 33 33
33 33 33
33 33 33
33 33 33
33 33 33
33 33 33
33 33 33
33 33 33
33 33 33
33 33 33
33 33 33
33 33 33
33 33 33
33 33 33
33 33 33
33 33 33
33 33 33
33 33 33
37 37 37
69 69 69
132 132 132
153 153 153
52 52 52
33 33 33
144 144 144
235 235 235
235 235 235
144 144 144
33 33 33
63 63 63
167 167 167
138 138 138
70 70 70
38 38 38
33 33 33
33 33 33
33 33 33
33 33 33
33 33 33
33 33 33
33 33 33
33 33 33
33 33 33
33 33 33
33 33 33
33 33 33
33 33 33
33 33 33
33 33 33
33 33 33
33 33 33
33 33 33
38 38 38
80 80 80
171 171 171
242 242 242
230 230 230
118 118 118
33 33 33
144 144 144
235 235 235
235 235 235
144 144 144
33 33 33
137 137 137
234 234 234
242 242 242
173 173 173
84 84 84
37 37 37
33 33 33
33 33 33
33 33 33
33 33 33
33 33 33
33 33 33
33 33 33
33 33 33
33 33 33
33 33 33
33 33 33
33 33 33
33 33 33
33 33 33
33 33 33
33 33 33
33 33 33
72 72 72
174 174 174
247 247 247
249 249 249
213 213 213
124 124 124
33 33 33
144 144 144
235 235 235
235 235 235
144 144 144
33 33 33
131 131 131
215 215 215
249 249 249
249 249 249
177 177 177
74 74 74
33 33 33
33 33 33
33 33 33
33 33 33
33 33 33
33 33 33
33 33 33
33 33 33
33 33 33
33 33 33
33 33 33
33 33 33
33 33 33
33 33 33
33 33 33
33 33 33
52 52 52
149 149 149
244 244 244
248 248 248
201 201 201
94 94 94
33 33 33
33 33 33
144 144 144
235 235 235
235 235 235
144 144 144
33 33 33
33 33 33
94 94 94
201 201 201
248 248 248
245 245 245
151 151 151
52 52 52
33 33 33
33 33 33
33 33 33
33 33 33
33 33 33
33 33 33
33 33 33
33 33 33
33 33 33
33 33 33
33 33 33
33 33 33
33 33 33
33 33 33
33 33 33
95 95 95
222 222 222
251 251 251
213 213 213
87 87 87
33 33 33
33 33 33
33 33 33
144 144 144
235 235 235
235 235 235
144 144 144
33 33 33
33 33 33
33 33 33
87 87 87
212 212 212
251 251 251
225 225 225
99 99 99
33 33 33
33 33 33
33 33 33
33 33 33
33 33 33
33 33 33
33 33 33
33 33 33
33 33 33
33 33 33
33 33 33
33 33 33
33 33 33
33 33 33
33 33 33
157 157 157
251 251 251
239 239 239
132 132 132
33 33 33
33 33 33
33 33 33
33 33 33
144 144 144
235 235 235
235 235 235
144 144 144
33 33 33
33 33 33
33 33 33
33 33 33
132 132 132
237 237 237
251 251 251
163 163 163
33 33 33
33 33 33
33 33 33
33 33 33
33 33 33
33 33 33
33 33 33
33 33 33
33 33 33
33 33 33
33 33 33
33 33 33
33 33 33
33 33 33
33 33 33
212 212 212
250 250 250
211 211 211
47 47 47
33 33 33
33 33 33
33 33 33
33 33 33
144 144 144
235 235 235
235 235 235
144 144 144
33 33 33
33 33 33
33 33 33
33 33 33
45 45 45
207 207 207
249 249 249
215 215 215
33 33 33
33 33 33
33 33 33
33 33 33
33 33 33
33 33 33
33 33 33
33 33 33
33 33 33
33 33 33
33 33 33
33 33 33
33 33 33
33 33 33
33 33 33
239 239 239
247 247 247
173 173 173
42 42 42
33 33 33
33 33 33
33 33 33
33 33 33
145 145 145
236 236 236
236 236 236
145 145 145
33 33 33
33 33 33
33 33 33
33 33 33
42 42 42
168 168 168
247 247 247
242 242 242
33 33 33
33 33 33
33 33 33
33 33 33
33 33 33
33 33 33
33 33 33
33 33 33
33 33 33
33 33 33
33 33 33
33 33 33
33 33 33
33 33 33
33 33 33
252 252 252
245 245 245
144 144 144
38 38 38
33 33 33
33 33 33
33 33 33
33 33 33
129 129 129
212 212 212
212 212 212
129 129 129
33 33 33
33 33 33
33 33 33
33 33 33
38 38 38
140 140 140
244 244 244
253 253 253
33 33 33
33 33 33
33 33 33
33 33 33
33 33 33
33 33 33
33 33 33
33 33 33
33 33 33
33 33 33
33 33 33
33 33 33
33 33 33
33 33 33
33 33 33
253 253 253
245 245 245
141 141 141
38 38 38
33 33 33
33 33 33
33 33 33
33 33 33
78 78 78
126 126 126
126 126 126
78 78 78
33 33 33
33 33 33
33 33 33
33 33 33
38 38 38
135 135 135
244 244 244
254 254 254
33 33 33
33 33 33
33 33 33
33 33 33
33 33 33
33 33 33
33 33 33
33 33 33
33 33 33
33 33 33
33 33 33
33 33 33
33 33 33
33 33 33
33 33 33
243 243 243
246 246 246
166 166 166
42 42 42
33 33 33
33 33 33
33 33 33
33 33 33
33 33 33
33 33 33
33 33 33
33 33 33
33 33 33
33 33 33
33 33 33
33 33 33
42 42 42
162 162 162
246 246 246
245 245 245
33 33 33
33 33 33
33 33 33
33 33 33
33 33 33
33 33 33
33 33 33
33 33 33
33 33 33
33 33 33
33 33 33
33 33 33
33 33 33
33 33 33
33 33 33
218 218 218
249 249 249
203 203 203
42 42 42
33 33 33
33 33 33
33 33 33
33 33 33
33 33 33
33 33 33
33 33 33
33 33 33
33 33 33
33 33 33
33 33 33
33 33 33
42 42 42
199 199 199
249 249 249
221 221 221
33 33 33
33 33 33
33 33 33
33 33 33
33 33 33
33 33 33
33 33 33
33 33 33
33 33 33
33 33 33
33 33 33
33 33 33
33 33 33
33 33 33
33 33 33
171 171 171
251 251 251
234 234 234
113 113 113
33 33 33
33 33 33
33 33 33
33 33 33
33 33 33
33 33 33
33 33 33
33 33 33
33 33 33
33 33 33
33 33 33
33 33 33
109 109 109
233 233 233
251 251 251
174 174 174
33 33 33
33 33 33
33 33 33
33 33 33
33 33 33
33 33 33
33 33 33
33 33 33
33 33 33
33 33 33
33 33 33
33 33 33
33 33 33
33 33 33
33 33 33
105 105 105
232 232 232
250 250 250
200 200 200
58 58 58
33 33 33
33 33 33
33 33 33
33 33 33
33 33 33
33 33 33
33 33 33
33 33 33
33 33 33
33 33 33
58 58 58
199 199 199
249 249 249
234 234 234
109 109 109
33 33 33
33 33 33
33 33 33
33 33 33
33 33 33
33 33 33
33 33 33
33 33 33
33 33 33
33 33 33
33 33 33
33 33 33
33 33 33
33 33 33
33 33 33
57 57 57
166 166 166
250 250 250
244 244 244
185 185 185
61 61 61
33 33 33
33 33 33
33 33 33
33 33 33
33 33 33
33 33 33
33 33 33
33 33 33
61 61 61
185 185 185
244 244 244
250 250 250
168 168 168
61 61 61
33 33 33
33 33 33
33 33 33
33 33 33
33 33 33
33 33 33
33 33 33
33 33 33
33 33 33
33 33 33
33 33 33
33 33 33
33 33 33
33 33 33
33 33 33
37 37 37
87 87 87
193 193 193
252 252 252
244 244 244
202 202 202
115 115 115
42 42 42
42 42 42
37 37 37
37 37 37
42 42 42
46 46 46
111 111 111
201 201 201
244 244 244
252 252 252
196 196 196
89 89 89
38 38 38
33 33 33
33 33 33
33 33 33
33 33 33
33 33 33
33 33 33
33 33 33
33 33 33
33 33 33
33 33 33
33 33 33
33 33 33
33 33 33
33 33 33
33 33 33
33 33 33
41 41 41
98 98 98
192 192 192
249 249 249
250 250 250
235 235 235
203 203 203
165 165 165
141 141 141
141 141 141
165 165 165
202 202 202
234 234 234
249 249 249
249 249 249
195 195 195
101 101 101
42 42 42
33 33 33
33 33 33
33 33 33
33 33 33
33 33 33
33 33 33
33 33 33
33 33 33
33 33 33
33 33 33
33 33 33
33 33 33
33 33 33
33 33 33
33 33 33
33 33 33
33 33 33
33 33 33
38 38 38
87 87 87
164 164 164
231 231 231
251 251 251
249 249 249
246 246 246
245 245 245
245 245 245
246 246 246
249 249 249
251 251 251
232 232 232
166 166 166
87 87 87
42 42 42
33 33 33
33 33 33
33 33 33
33 33 33
33 33 33
33 33 33
33 33 33
33 33 33
33 33 33
33 33 33
33 33 33
33 33 33
33 33 33
33 33 33
33 33 33
33 33 33
33 33 33
33 33 33
33 33 33
33 33 33
37 37 37
58 58 58
105 105 105
168 168 168
215 215 215
240 240 240
252 252 252
252 252 252
239 239 239
215 215 215
169 169 169
105 105 105
58 58 58
38 38 38
33 33 33
33 33 33
33 33 33
33 33 33
33 33 33
33 33 33
33 33 33
33 33 33
33 33 33
33 33 33
33 33 33
33 33 33
33 33 33
33 33 33
33 33 33
33 33 33
33 33 33
33 33 33
33 33 33
33 33 33
33 33 33
33 33 33
33 33 33
33 33 33
33 33 33
33 33 33
33 33 33
33 33 33
33 33 33
33 33 33
33 33 33
33 33 33
33 33 33
33 33 33
33 33 33
33 33 33
33 33 33
33 33 33
33 33 33
33 33 33
33 33 33
33 33 33
33 33 33
33 33 33
33 33 33
