33 33 33
33 33 33
33 33 33
33 33 33
33 33 33
33 33 33
33 33 33
33 33 33
33 33 33
33 33 33
33 33 33
33 33 33
33 33 33
33 33 33
33 33 33
33 33 33
33 33 33
33 33 33
33 33 33
33 33 33
33 33 33
33 33 33
33 33 33
33 33 33
33 33 33
33 33 33
33 33 33
33 33 33
33 33 33
33 33 33
33 33 33
33 33 33
33 33 33
33 33 33
33 33 33
33 33 33
33 33 33
33 33 33
33 33 33
33 33 33
33 33 33
33 33 33
33 33 33
33 33 33
33 33 33
33 33 33
33 33 33
33 33 33
33 33 33
33 33 33
33 33 33
33 33 33
33 33 33
33 33 33
33 33 33
33 33 33
33 33 33
33 33 33
33 33 33
33 33 33
33 33 33
33 33 33
33 33 33
33 33 33
33 33 33
33 33 33
33 33 33
33 33 33
33 33 33
33 33 33
33 33 33
33 33 33
33 33 33
33 33 33
33 33 33
33 33 33
33 33 33
33 33 33
33 33 33
33 33 33
33 33 33
33 33 33
33 33 33
33 33 33
33 33 33
33 33 33
55 55 55
63 63 63
55 55 55
33 33 33
33 33 33
33 33 33
33 33 33
33 33 33
33 33 33
33 33 33
33 33 33
33 33 33
33 33 33
33 33 33
33 33 33
33 33 33
33 33 33
33 33 33
33 33 33
33 33 33
33 33 33
33 33 33
33 33 33
33 33 33
33 33 33
33 33 33
33 33 33
33 33 33
33 33 33
33 33 33
33 33 33
33 33 33
33 33 33
33 33 33
33 33 33
57 57 57
66 66 66
57 57 57
33 33 33
33 33 33
33 33 33
33 33 33
33 33 33
33 33 33
33 33 33
33 33 33
33 33 33
33 33 33
33 33 33
33 33 33
33 33 33
33 33 33
33 33 33
33 33 33
33 33 33
33 33 33
33 33 33
33 33 33
33 33 33
33 33 33
33 33 33
33 33 33
33 33 33
33 33 33
33 33 33
35 35 35
46 46 46
33 33 33
33 33 33
33 33 33
57 57 57
66 66 66
57 57 57
33 33 33
33 33 33
33 33 33
50 50 50
35 35 35
33 33 33
33 33 33
33 33 33
33 33 33
33 33 33
33 33 33
33 33 33
33 33 33
33 33 33
33 33 33
33 33 33
33 33 33
33 33 33
33 33 33
33 33 33
33 33 33
33 33 33
33 33 33
33 33 33
33 33 33
33 33 33
40 40 40
62 62 62
66 66 66
43 43 43
33 33 33
33 33 33
57 57 57
66 66 66
57 57 57
33 33 33
33 33 33
48 48 48
66 66 66
62 62 62
40 40 40
33 33 33
33 33 33
33 33 33
33 33 33
33 33 33
33 33 33
33 33 33
33 33 33
33 33 33
33 33 33
33 33 33
33 33 33
33 33 33
33 33 33
33 33 33
33 33 33
33 33 33
33 33 33
33 33 33
40 40 40
64 64 64
66 66 66
66 66 66
48 48 48
33 33 33
33 33 33
57 57 57
66 66 66
57 57 57
33 33 33
33 33 33
50 50 50
66 66 66
66 66 66
65 65 65
41 41 41
33 33 33
33 33 33
33 33 33
33 33 33
33 33 33
33 33 33
33 33 33
33 33 33
33 33 33
33 33 33
33 33 33
33 33 33
33 33 33
33 33 33
33 33 33
33 33 33
33 33 33
37 37 37
63 63 63
66 66 66
64 64 64
42 42 42
33 33 33
33 33 33
33 33 33
57 57 57
66 66 66
57 57 57
33 33 33
33 33 33
33 33 33
42 42 42
64 64 64
66 66 66
63 63 63
37 37 37
33 33 33
33 33 33
33 33 33
33 33 33
33 33 33
33 33 33
33 33 33
33 33 33
33 33 33
33 33 33
33 33 33
33 33 33
33 33 33
33 33 33
33 33 33
33 33 33
56 56 56
66 66 66
65 65 65
40 40 40
33 33 33
33 33 33
33 33 33
33 33 33
57 57 57
66 66 66
57 57 57
33 33 33
33 33 33
33 33 33
33 33 33
40 40 40
65 65 65
66 66 66
56 56 56
33 33 33
33 33 33
33 33 33
33 33 33
33 33 33
33 33 33
33 33 33
33 33 33
33 33 33
33 33 33
33 33 33
33 33 33
33 33 33
33 33 33
33 33 33
39 39 39
66 66 66
66 66 66
50 50 50
33 33 33
33 33 33
33 33 33
33 33 33
33 33 33
57 57 57
66 66 66
57 57 57
33 33 33
33 33 33
33 33 33
33 33 33
33 33 33
49 49 49
66 66 66
66 66 66
40 40 40
33 33 33
33 33 33
33 33 33
33 33 33
33 33 33
33 33 33
33 33 33
33 33 33
33 33 33
33 33 33
33 33 33
33 33 33
33 33 33
33 33 33
52 52 52
66 66 66
63 63 63
34 34 34
33 33 33
33 33 33
33 33 33
33 33 33
33 33 33
57 57 57
66 66 66
57 57 57
33 33 33
33 33 33
33 33 33
33 33 33
33 33 33
34 34 34
63 63 63
66 66 66
53 53 53
33 33 33
33 33 33
33 33 33
33 33 33
33 33 33
33 33 33
33 33 33
33 33 33
33 33 33
33 33 33
33 33 33
33 33 33
33 33 33
33 33 33
60 60 60
66 66 66
54 54 54
33 33 33
33 33 33
33 33 33
33 33 33
33 33 33
33 33 33
57 57 57
66 66 66
57 57 57
33 33 33
33 33 33
33 33 33
33 33 33
33 33 33
33 33 33
53 53 53
66 66 66
61 61 61
33 33 33
33 33 33
33 33 33
33 33 33
33 33 33
33 33 33
33 33 33
33 33 33
33 33 33
33 33 33
33 33 33
33 33 33
33 33 33
33 33 33
64 64 64
66 66 66
48 48 48
33 33 33
33 33 33
33 33 33
33 33 33
33 33 33
33 33 33
57 57 57
66 66 66
57 57 57
33 33 33
33 33 33
33 33 33
33 33 33
33 33 33
33 33 33
48 48 48
66 66 66
65 65 65
33 33 33
33 33 33
33 33 33
33 33 33
33 33 33
33 33 33
33 33 33
33 33 33
33 33 33
33 33 33
33 33 33
33 33 33
33 33 33
33 33 33
66 66 66
66 66 66
43 43 43
33 33 33
33 33 33
33 33 33
33 33 33
33 33 33
33 33 33
47 47 47
54 54 54
47 47 47
33 33 33
33 33 33
33 33 33
33 33 33
33 33 33
33 33 33
42 42 42
66 66 66
66 66 66
33 33 33
33 33 33
33 33 33
33 33 33
33 33 33
33 33 33
33 33 33
33 33 33
33 33 33
33 33 33
33 33 33
33 33 33
33 33 33
33 33 33
65 65 65
66 66 66
47 47 47
33 33 33
33 33 33
33 33 33
33 33 33
33 33 33
33 33 33
33 33 33
33 33 33
33 33 33
33 33 33
33 33 33
33 33 33
33 33 33
33 33 33
33 33 33
46 46 46
66 66 66
66 66 66
33 33 33
33 33 33
33 33 33
33 33 33
33 33 33
33 33 33
33 33 33
33 33 33
33 33 33
33 33 33
33 33 33
33 33 33
33 33 33
33 33 33
62 62 62
66 66 66
52 52 52
33 33 33
33 33 33
33 33 33
33 33 33
33 33 33
33 33 33
33 33 33
33 33 33
33 33 33
33 33 33
33 33 33
33 33 33
33 33 33
33 33 33
33 33 33
52 52 52
66 66 66
62 62 62
33 33 33
33 33 33
33 33 33
33 33 33
33 33 33
33 33 33
33 33 33
33 33 33
33 33 33
33 33 33
33 33 33
33 33 33
33 33 33
33 33 33
54 54 54
66 66 66
61 61 61
33 33 33
33 33 33
33 33 33
33 33 33
33 33 33
33 33 33
33 33 33
33 33 33
33 33 33
33 33 33
33 33 33
33 33 33
33 33 33
33 33 33
33 33 33
60 60 60
66 66 66
55 55 55
33 33 33
33 33 33
33 33 33
33 33 33
33 33 33
33 33 33
33 33 33
33 33 33
33 33 33
33 33 33
33 33 33
33 33 33
33 33 33
33 33 33
43 43 43
66 66 66
66 66 66
44 44 44
33 33 33
33 33 33
33 33 33
33 33 33
33 33 33
33 33 33
33 33 33
33 33 33
33 33 33
33 33 33
33 33 33
33 33 33
33 33 33
44 44 44
66 66 66
66 66 66
44 44 44
33 33 33
33 33 33
33 33 33
33 33 33
33 33 33
33 33 33
33 33 33
33 33 33
33 33 33
33 33 33
33 33 33
33 33 33
33 33 33
33 33 33
33 33 33
59 59 59
66 66 66
63 63 63
35 35 35
33 33 33
33 33 33
33 33 33
33 33 33
33 33 33
33 33 33
33 33 33
33 33 33
33 33 33
33 33 33
33 33 33
35 35 35
63 63 63
66 66 66
60 60 60
33 33 33
33 33 33
33 33 33
33 33 33
33 33 33
33 33 33
33 33 33
33 33 33
33 33 33
33 33 33
33 33 33
33 33 33
33 33 33
33 33 33
33 33 33
33 33 33
41 41 41
65 65 65
66 66 66
60 60 60
36 36 36
33 33 33
33 33 33
33 33 33
33 33 33
33 33 33
33 33 33
33 33 33
33 33 33
33 33 33
36 36 36
60 60 60
66 66 66
65 65 65
41 41 41
33 33 33
33 33 33
33 33 33
33 33 33
33 33 33
33 33 33
33 33 33
33 33 33
33 33 33
33 33 33
33 33 33
33 33 33
33 33 33
33 33 33
33 33 33
33 33 33
33 33 33
47 47 47
66 66 66
66 66 66
63 63 63
45 45 45
33 33 33
33 33 33
33 33 33
33 33 33
33 33 33
33 33 33
33 33 33
44 44 44
63 63 63
66 66 66
66 66 66
48 48 48
33 33 33
33 33 33
33 33 33
33 33 33
33 33 33
33 33 33
33 33 33
33 33 33
33 33 33
33 33 33
33 33 33
33 33 33
33 33 33
33 33 33
33 33 33
33 33 33
33 33 33
33 33 33
33 33 33
47 47 47
65 65 65
66 66 66
66 66 66
61 61 61
52 52 52
46 46 46
43 43 43
46 46 46
52 52 52
61 61 61
66 66 66
66 66 66
65 65 65
48 48 48
33 33 33
33 33 33
33 33 33
33 33 33
33 33 33
33 33 33
33 33 33
33 33 33
33 33 33
33 33 33
33 33 33
33 33 33
33 33 33
33 33 33
33 33 33
33 33 33
33 33 33
33 33 33
33 33 33
33 33 33
33 33 33
40 40 40
59 59 59
66 66 66
66 66 66
66 66 66
66 66 66
66 66 66
66 66 66
66 66 66
66 66 66
66 66 66
60 60 60
41 41 41
33 33 33
33 33 33
33 33 33
33 33 33
33 33 33
33 33 33
33 33 33
33 33 33
33 33 33
33 33 33
33 33 33
33 33 33
33 33 33
33 33 33
33 33 33
33 33 33
33 33 33
33 33 33
33 33 33
33 33 33
33 33 33
33 33 33
33 33 33
33 33 33
42 42 42
54 54 54
61 61 61
64 64 64
66 66 66
64 64 64
61 61 61
54 54 54
42 42 42
33 33 33
33 33 33
33 33 33
33 33 33
33 33 33
33 33 33
33 33 33
33 33 33
33 33 33
33 33 33
33 33 33
33 33 33
33 33 33
33 33 33
33 33 33
33 33 33
33 33 33
33 33 33
33 33 33
33 33 33
33 33 33
33 33 33
33 33 33
33 33 33
33 33 33
33 33 33
33 33 33
33 33 33
33 33 33
33 33 33
33 33 33
33 33 33
33 33 33
33 33 33
33 33 33
33 33 33
33 33 33
33 33 33
33 33 33
33 33 33
33 33 33
33 33 33
33 33 33
33 33 33
33 33 33
33 33 33
33 33 33
33 33 33
