33 33 33
33 33 33
33 33 33
33 33 33
33 33 33
33 33 33
33 33 33
33 33 33
33 33 33
33 33 33
33 33 33
33 33 33
33 33 33
33 33 33
33 33 33
33 33 33
33 33 33
33 33 33
33 33 33
33 33 33
33 33 33
33 33 33
33 33 33
33 33 33
33 33 33
33 33 33
33 33 33
33 33 33
33 33 33
33 33 33
33 33 33
33 33 33
33 33 33
33 33 33
33 33 33
33 33 33
33 33 33
33 33 33
33 33 33
33 33 33
33 33 33
33 33 33
33 33 33
33 33 33
33 33 33
33 33 33
33 33 33
33 33 33
33 33 33
33 33 33
33 33 33
33 33 33
33 33 33
33 33 33
33 33 33
33 33 33
33 33 33
33 33 33
33 33 33
33 33 33
33 33 33
33 33 33
33 33 33
33 33 33
33 33 33
33 33 33
33 33 33
33 33 33
33 33 33
33 33 33
33 33 33
33 33 33
33 33 33
33 33 33
33 33 33
33 33 33
33 33 33
33 33 33
33 33 33
33 33 33
33 33 33
33 33 33
33 33 33
33 33 33
33 33 33
33 33 33
33 33 33
33 33 33
33 33 33
33 33 33
33 33 33
33 33 33
33 33 33
33 33 33
33 33 33
33 33 33
33 33 33
33 33 33
33 33 33
33 33 33
33 33 33
33 33 33
33 33 33
33 33 33
33 33 33
33 33 33
33 33 33
33 33 33
33 33 33
33 33 33
65 65 65
66 66 66
66 66 66
66 66 66
66 66 66
66 66 66
66 66 66
66 66 66
66 66 66
66 66 66
66 66 66
66 66 66
66 66 66
66 66 66
66 66 66
66 66 66
66 66 66
52 52 52
33 33 33
33 33 33
33 33 33
33 33 33
33 33 33
33 33 33
33 33 33
33 33 33
33 33 33
33 33 33
33 33 33
33 33 33
33 33 33
33 33 33
33 33 33
33 33 33
33 33 33
66 66 66
49 49 49
44 44 44
44 44 44
44 44 44
44 44 44
44 44 44
44 44 44
44 44 44
44 44 44
44 44 44
44 44 44
44 44 44
44 44 44
44 44 44
44 44 44
62 62 62
55 55 55
33 33 33
33 33 33
33 33 33
33 33 33
33 33 33
33 33 33
33 33 33
33 33 33
33 33 33
33 33 33
33 33 33
33 33 33
33 33 33
33 33 33
33 33 33
33 33 33
33 33 33
66 66 66
42 42 42
33 33 33
33 33 33
33 33 33
33 33 33
33 33 33
33 33 33
33 33 33
33 33 33
33 33 33
33 33 33
33 33 33
33 33 33
33 33 33
33 33 33
61 61 61
55 55 55
33 33 33
33 33 33
33 33 33
33 33 33
33 33 33
33 33 33
33 33 33
33 33 33
33 33 33
33 33 33
33 33 33
33 33 33
33 33 33
33 33 33
33 33 33
33 33 33
33 33 33
66 66 66
42 42 42
33 33 33
33 33 33
33 33 33
33 33 33
33 33 33
33 33 33
33 33 33
33 33 33
33 33 33
33 33 33
33 33 33
33 33 33
33 33 33
33 33 33
61 61 61
55 55 55
33 33 33
33 33 33
33 33 33
33 33 33
33 33 33
33 33 33
33 33 33
33 33 33
33 33 33
33 33 33
33 33 33
33 33 33
33 33 33
33 33 33
33 33 33
33 33 33
33 33 33
66 66 66
42 42 42
33 33 33
33 33 33
33 33 33
33 33 33
33 33 33
33 33 33
33 33 33
33 33 33
33 33 33
33 33 33
33 33 33
33 33 33
33 33 33
33 33 33
61 61 61
55 55 55
33 33 33
33 33 33
33 33 33
33 33 33
33 33 33
33 33 33
33 33 33
33 33 33
33 33 33
33 33 33
33 33 33
33 33 33
33 33 33
33 33 33
33 33 33
33 33 33
33 33 33
66 66 66
42 42 42
33 33 33
33 33 33
33 33 33
33 33 33
33 33 33
33 33 33
33 33 33
33 33 33
33 33 33
33 33 33
33 33 33
33 33 33
33 33 33
33 33 33
61 61 61
55 55 55
33 33 33
33 33 33
61 61 61
49 49 49
33 33 33
33 33 33
33 33 33
33 33 33
33 33 33
33 33 33
33 33 33
33 33 33
33 33 33
33 33 33
33 33 33
33 33 33
33 33 33
66 66 66
42 42 42
33 33 33
33 33 33
33 33 33
33 33 33
33 33 33
33 33 33
33 33 33
33 33 33
33 33 33
33 33 33
33 33 33
33 33 33
33 33 33
33 33 33
46 46 46
43 43 43
33 33 33
33 33 33
49 49 49
66 66 66
49 49 49
33 33 33
33 33 33
33 33 33
33 33 33
33 33 33
33 33 33
33 33 33
33 33 33
33 33 33
33 33 33
33 33 33
33 33 33
66 66 66
42 42 42
33 33 33
33 33 33
33 33 33
33 33 33
33 33 33
33 33 33
33 33 33
33 33 33
33 33 33
33 33 33
33 33 33
33 33 33
33 33 33
33 33 33
33 33 33
33 33 33
33 33 33
33 33 33
33 33 33
50 50 50
66 66 66
49 49 49
33 33 33
33 33 33
33 33 33
33 33 33
33 33 33
33 33 33
33 33 33
33 33 33
33 33 33
33 33 33
33 33 33
66 66 66
42 42 42
33 33 33
33 33 33
33 33 33
33 33 33
33 33 33
33 33 33
33 33 33
40 40 40
42 42 42
42 42 42
42 42 42
42 42 42
42 42 42
42 42 42
42 42 42
42 42 42
42 42 42
42 42 42
42 42 42
42 42 42
58 58 58
66 66 66
48 48 48
33 33 33
33 33 33
33 33 33
33 33 33
33 33 33
33 33 33
33 33 33
33 33 33
33 33 33
33 33 33
66 66 66
42 42 42
33 33 33
33 33 33
33 33 33
33 33 33
33 33 33
33 33 33
39 39 39
66 66 66
66 66 66
66 66 66
66 66 66
66 66 66
66 66 66
66 66 66
66 66 66
66 66 66
66 66 66
66 66 66
66 66 66
66 66 66
66 66 66
66 66 66
65 65 65
33 33 33
33 33 33
33 33 33
33 33 33
33 33 33
33 33 33
33 33 33
33 33 33
33 33 33
33 33 33
66 66 66
42 42 42
33 33 33
33 33 33
33 33 33
33 33 33
33 33 33
33 33 33
33 33 33
40 40 40
42 42 42
42 42 42
42 42 42
42 42 42
42 42 42
42 42 42
42 42 42
42 42 42
42 42 42
42 42 42
42 42 42
42 42 42
58 58 58
66 66 66
48 48 48
33 33 33
33 33 33
33 33 33
33 33 33
33 33 33
33 33 33
33 33 33
33 33 33
33 33 33
33 33 33
66 66 66
42 42 42
33 33 33
33 33 33
33 33 33
33 33 33
33 33 33
33 33 33
33 33 33
33 33 33
33 33 33
33 33 33
33 33 33
33 33 33
33 33 33
33 33 33
33 33 33
33 33 33
33 33 33
33 33 33
33 33 33
50 50 50
66 66 66
49 49 49
33 33 33
33 33 33
33 33 33
33 33 33
33 33 33
33 33 33
33 33 33
33 33 33
33 33 33
33 33 33
33 33 33
66 66 66
42 42 42
33 33 33
33 33 33
33 33 33
33 33 33
33 33 33
33 33 33
33 33 33
33 33 33
33 33 33
33 33 33
33 33 33
33 33 33
33 33 33
33 33 33
46 46 46
43 43 43
33 33 33
33 33 33
49 49 49
66 66 66
49 49 49
33 33 33
33 33 33
33 33 33
33 33 33
33 33 33
33 33 33
33 33 33
33 33 33
33 33 33
33 33 33
33 33 33
33 33 33
66 66 66
42 42 42
33 33 33
33 33 33
33 33 33
33 33 33
33 33 33
33 33 33
33 33 33
33 33 33
33 33 33
33 33 33
33 33 33
33 33 33
33 33 33
33 33 33
61 61 61
55 55 55
33 33 33
33 33 33
61 61 61
49 49 49
33 33 33
33 33 33
33 33 33
33 33 33
33 33 33
33 33 33
33 33 33
33 33 33
33 33 33
33 33 33
33 33 33
33 33 33
33 33 33
66 66 66
42 42 42
33 33 33
33 33 33
33 33 33
33 33 33
33 33 33
33 33 33
33 33 33
33 33 33
33 33 33
33 33 33
33 33 33
33 33 33
33 33 33
33 33 33
61 61 61
55 55 55
33 33 33
33 33 33
33 33 33
33 33 33
33 33 33
33 33 33
33 33 33
33 33 33
33 33 33
33 33 33
33 33 33
33 33 33
33 33 33
33 33 33
33 33 33
33 33 33
33 33 33
66 66 66
42 42 42
33 33 33
33 33 33
33 33 33
33 33 33
33 33 33
33 33 33
33 33 33
33 33 33
33 33 33
33 33 33
33 33 33
33 33 33
33 33 33
33 33 33
61 61 61
55 55 55
33 33 33
33 33 33
33 33 33
33 33 33
33 33 33
33 33 33
33 33 33
33 33 33
33 33 33
33 33 33
33 33 33
33 33 33
33 33 33
33 33 33
33 33 33
33 33 33
33 33 33
66 66 66
42 42 42
33 33 33
33 33 33
33 33 33
33 33 33
33 33 33
33 33 33
33 33 33
33 33 33
33 33 33
33 33 33
33 33 33
33 33 33
33 33 33
33 33 33
61 61 61
55 55 55
33 33 33
33 33 33
33 33 33
33 33 33
33 33 33
33 33 33
33 33 33
33 33 33
33 33 33
33 33 33
33 33 33
33 33 33
33 33 33
33 33 33
33 33 33
33 33 33
33 33 33
66 66 66
49 49 49
44 44 44
44 44 44
44 44 44
44 44 44
44 44 44
44 44 44
44 44 44
44 44 44
44 44 44
44 44 44
44 44 44
44 44 44
44 44 44
44 44 44
62 62 62
55 55 55
33 33 33
33 33 33
33 33 33
33 33 33
33 33 33
33 33 33
33 33 33
33 33 33
33 33 33
33 33 33
33 33 33
33 33 33
33 33 33
33 33 33
33 33 33
33 33 33
33 33 33
65 65 65
66 66 66
66 66 66
66 66 66
66 66 66
66 66 66
66 66 66
66 66 66
66 66 66
66 66 66
66 66 66
66 66 66
66 66 66
66 66 66
66 66 66
66 66 66
66 66 66
52 52 52
33 33 33
33 33 33
33 33 33
33 33 33
33 33 33
33 33 33
33 33 33
33 33 33
33 33 33
33 33 33
33 33 33
33 33 33
33 33 33
33 33 33
33 33 33
33 33 33
33 33 33
33 33 33
33 33 33
33 33 33
33 33 33
33 33 33
33 33 33
33 33 33
33 33 33
33 33 33
33 33 33
33 33 33
33 33 33
33 33 33
33 33 33
33 33 33
33 33 33
33 33 33
33 33 33
33 33 33
33 33 33
33 33 33
33 33 33
33 33 33
33 33 33
33 33 33
33 33 33
33 33 33
33 33 33
33 33 33
33 33 33
33 33 33
33 33 33
33 33 33
33 33 33
33 33 33
33 33 33
33 33 33
33 33 33
33 33 33
33 33 33
33 33 33
33 33 33
33 33 33
33 33 33
33 33 33
33 33 33
33 33 33
33 33 33
33 33 33
33 33 33
33 33 33
33 33 33
33 33 33
33 33 33
33 33 33
33 33 33
33 33 33
33 33 33
33 33 33
33 33 33
33 33 33
33 33 33
33 33 33
33 33 33
33 33 33
33 33 33
33 33 33
33 33 33
33 33 33
33 33 33
33 33 33
33 33 33
33 33 33
33 33 33
33 33 33
33 33 33
33 33 33
33 33 33
33 33 33
33 33 33
33 33 33
33 33 33
33 33 33
33 33 33
33 33 33
33 33 33
33 33 33
33 33 33
33 33 33
33 33 33
33 33 33
33 33 33
33 33 33
33 33 33
33 33 33
33 33 33
33 33 33
33 33 33
33 33 33
33 33 33
