33 33 33
33 33 33
33 33 33
33 33 33
33 33 33
33 33 33
33 33 33
33 33 33
33 33 33
33 33 33
33 33 33
33 33 33
33 33 33
33 33 33
33 33 33
33 33 33
33 33 33
33 33 33
33 33 33
33 33 33
33 33 33
33 33 33
33 33 33
33 33 33
33 33 33
33 33 33
33 33 33
33 33 33
33 33 33
33 33 33
33 33 33
33 33 33
33 33 33
33 33 33
33 33 33
33 33 33
33 33 33
33 33 33
33 33 33
33 33 33
33 33 33
33 33 33
33 33 33
33 33 33
33 33 33
33 33 33
33 33 33
33 33 33
33 33 33
33 33 33
33 33 33
33 33 33
33 33 33
33 33 33
33 33 33
33 33 33
33 33 33
33 33 33
33 33 33
33 33 33
33 33 33
33 33 33
33 33 33
33 33 33
33 33 33
33 33 33
33 33 33
33 33 33
33 33 33
33 33 33
33 33 33
33 33 33
33 33 33
33 33 33
33 33 33
33 33 33
33 33 33
33 33 33
33 33 33
33 33 33
33 33 33
33 33 33
33 33 33
33 33 33
33 33 33
33 33 33
33 33 33
199 199 199
199 199 199
33 33 33
33 33 33
33 33 33
33 33 33
33 33 33
33 33 33
33 33 33
33 33 33
33 33 33
33 33 33
33 33 33
33 33 33
33 33 33
33 33 33
33 33 33
33 33 33
33 33 33
33 33 33
33 33 33
33 33 33
33 33 33
33 33 33
33 33 33
33 33 33
33 33 33
33 33 33
33 33 33
33 33 33
33 33 33
33 33 33
33 33 33
33 33 33
33 33 33
204 204 204
204 204 204
33 33 33
33 33 33
33 33 33
33 33 33
33 33 33
33 33 33
33 33 33
33 33 33
33 33 33
33 33 33
33 33 33
33 33 33
33 33 33
33 33 33
33 33 33
33 33 33
33 33 33
33 33 33
33 33 33
33 33 33
33 33 33
33 33 33
33 33 33
33 33 33
33 33 33
33 33 33
33 33 33
33 33 33
33 33 33
33 33 33
33 33 33
33 33 33
33 33 33
204 204 204
204 204 204
33 33 33
33 33 33
33 33 33
33 33 33
33 33 33
33 33 33
33 33 33
33 33 33
33 33 33
33 33 33
33 33 33
33 33 33
33 33 33
33 33 33
33 33 33
33 33 33
33 33 33
33 33 33
33 33 33
33 33 33
33 33 33
33 33 33
33 33 33
33 33 33
33 33 33
33 33 33
241 241 241
171 171 171
33 33 33
33 33 33
33 33 33
33 33 33
33 33 33
204 204 204
204 204 204
33 33 33
33 33 33
33 33 33
33 33 33
33 33 33
171 171 171
241 241 241
33 33 33
33 33 33
33 33 33
33 33 33
33 33 33
33 33 33
33 33 33
33 33 33
33 33 33
33 33 33
33 33 33
33 33 33
33 33 33
33 33 33
33 33 33
33 33 33
33 33 33
33 33 33
33 33 33
171 171 171
255 255 255
171 171 171
33 33 33
33 33 33
33 33 33
33 33 33
204 204 204
204 204 204
33 33 33
33 33 33
33 33 33
33 33 33
171 171 171
255 255 255
171 171 171
33 33 33
33 33 33
33 33 33
33 33 33
33 33 33
33 33 33
33 33 33
33 33 33
33 33 33
33 33 33
33 33 33
33 33 33
33 33 33
33 33 33
33 33 33
33 33 33
33 33 33
33 33 33
33 33 33
33 33 33
171 171 171
255 255 255
171 171 171
33 33 33
33 33 33
33 33 33
152 152 152
152 152 152
33 33 33
33 33 33
33 33 33
171 171 171
255 255 255
171 171 171
33 33 33
33 33 33
33 33 33
33 33 33
33 33 33
33 33 33
33 33 33
33 33 33
33 33 33
33 33 33
33 33 33
33 33 33
33 33 33
33 33 33
33 33 33
33 33 33
33 33 33
33 33 33
33 33 33
33 33 33
33 33 33
33 33 33
171 171 171
255 255 255
147 147 147
111 111 111
195 195 195
231 231 231
229 229 229
195 195 195
108 108 108
147 147 147
255 255 255
171 171 171
33 33 33
33 33 33
33 33 33
33 33 33
33 33 33
33 33 33
33 33 33
33 33 33
33 33 33
33 33 33
33 33 33
33 33 33
33 33 33
33 33 33
33 33 33
33 33 33
33 33 33
33 33 33
33 33 33
33 33 33
33 33 33
33 33 33
33 33 33
33 33 33
147 147 147
149 149 149
251 251 251
243 243 243
204 204 204
204 204 204
243 243 243
251 251 251
146 146 146
147 147 147
33 33 33
33 33 33
33 33 33
33 33 33
33 33 33
33 33 33
33 33 33
33 33 33
33 33 33
33 33 33
33 33 33
33 33 33
33 33 33
33 33 33
33 33 33
33 33 33
33 33 33
33 33 33
33 33 33
33 33 33
33 33 33
33 33 33
33 33 33
33 33 33
33 33 33
111 111 111
251 251 251
204 204 204
66 66 66
33 33 33
33 33 33
66 66 66
204 204 204
251 251 251
111 111 111
33 33 33
33 33 33
33 33 33
33 33 33
33 33 33
33 33 33
33 33 33
33 33 33
33 33 33
33 33 33
33 33 33
33 33 33
33 33 33
33 33 33
33 33 33
33 33 33
33 33 33
33 33 33
33 33 33
33 33 33
33 33 33
33 33 33
33 33 33
33 33 33
33 33 33
195 195 195
243 243 243
66 66 66
33 33 33
33 33 33
33 33 33
33 33 33
66 66 66
243 243 243
192 192 192
33 33 33
33 33 33
33 33 33
33 33 33
33 33 33
33 33 33
33 33 33
33 33 33
33 33 33
33 33 33
33 33 33
33 33 33
33 33 33
33 33 33
33 33 33
33 33 33
33 33 33
33 33 33
33 33 33
199 199 199
204 204 204
204 204 204
204 204 204
204 204 204
152 152 152
232 232 232
204 204 204
33 33 33
33 33 33
33 33 33
33 33 33
33 33 33
33 33 33
204 204 204
232 232 232
152 152 152
204 204 204
204 204 204
204 204 204
204 204 204
199 199 199
33 33 33
33 33 33
33 33 33
33 33 33
33 33 33
33 33 33
33 33 33
33 33 33
33 33 33
33 33 33
33 33 33
33 33 33
33 33 33
199 199 199
204 204 204
204 204 204
204 204 204
204 204 204
152 152 152
232 232 232
204 204 204
33 33 33
33 33 33
33 33 33
33 33 33
33 33 33
33 33 33
204 204 204
232 232 232
152 152 152
204 204 204
204 204 204
204 204 204
204 204 204
199 199 199
33 33 33
33 33 33
33 33 33
33 33 33
33 33 33
33 33 33
33 33 33
33 33 33
33 33 33
33 33 33
33 33 33
33 33 33
33 33 33
33 33 33
33 33 33
33 33 33
33 33 33
33 33 33
33 33 33
195 195 195
243 243 243
66 66 66
33 33 33
33 33 33
33 33 33
33 33 33
66 66 66
243 243 243
195 195 195
33 33 33
33 33 33
33 33 33
33 33 33
33 33 33
33 33 33
33 33 33
33 33 33
33 33 33
33 33 33
33 33 33
33 33 33
33 33 33
33 33 33
33 33 33
33 33 33
33 33 33
33 33 33
33 33 33
33 33 33
33 33 33
33 33 33
33 33 33
33 33 33
33 33 33
111 111 111
251 251 251
204 204 204
66 66 66
33 33 33
33 33 33
66 66 66
204 204 204
251 251 251
111 111 111
33 33 33
33 33 33
33 33 33
33 33 33
33 33 33
33 33 33
33 33 33
33 33 33
33 33 33
33 33 33
33 33 33
33 33 33
33 33 33
33 33 33
33 33 33
33 33 33
33 33 33
33 33 33
33 33 33
33 33 33
33 33 33
33 33 33
33 33 33
33 33 33
33 33 33
147 147 147
149 149 149
251 251 251
242 242 242
204 204 204
204 204 204
243 243 243
251 251 251
149 149 149
146 146 146
33 33 33
33 33 33
33 33 33
33 33 33
33 33 33
33 33 33
33 33 33
33 33 33
33 33 33
33 33 33
33 33 33
33 33 33
33 33 33
33 33 33
33 33 33
33 33 33
33 33 33
33 33 33
33 33 33
33 33 33
33 33 33
33 33 33
33 33 33
33 33 33
171 171 171
255 255 255
147 147 147
111 111 111
195 195 195
232 232 232
232 232 232
195 195 195
111 111 111
147 147 147
255 255 255
171 171 171
33 33 33
33 33 33
33 33 33
33 33 33
33 33 33
33 33 33
33 33 33
33 33 33
33 33 33
33 33 33
33 33 33
33 33 33
33 33 33
33 33 33
33 33 33
33 33 33
33 33 33
33 33 33
33 33 33
33 33 33
33 33 33
33 33 33
171 171 171
255 255 255
171 171 171
33 33 33
33 33 33
33 33 33
152 152 152
152 152 152
33 33 33
33 33 33
33 33 33
171 171 171
255 255 255
171 171 171
33 33 33
33 33 33
33 33 33
33 33 33
33 33 33
33 33 33
33 33 33
33 33 33
33 33 33
33 33 33
33 33 33
33 33 33
33 33 33
33 33 33
33 33 33
33 33 33
33 33 33
33 33 33
33 33 33
33 33 33
171 171 171
255 255 255
171 171 171
33 33 33
33 33 33
33 33 33
33 33 33
204 204 204
204 204 204
33 33 33
33 33 33
33 33 33
33 33 33
171 171 171
255 255 255
171 171 171
33 33 33
33 33 33
33 33 33
33 33 33
33 33 33
33 33 33
33 33 33
33 33 33
33 33 33
33 33 33
33 33 33
33 33 33
33 33 33
33 33 33
33 33 33
33 33 33
33 33 33
33 33 33
33 33 33
241 241 241
171 171 171
33 33 33
33 33 33
33 33 33
33 33 33
33 33 33
204 204 204
204 204 204
33 33 33
33 33 33
33 33 33
33 33 33
33 33 33
171 171 171
241 241 241
33 33 33
33 33 33
33 33 33
33 33 33
33 33 33
33 33 33
33 33 33
33 33 33
33 33 33
33 33 33
33 33 33
33 33 33
33 33 33
33 33 33
33 33 33
33 33 33
33 33 33
33 33 33
33 33 33
33 33 33
33 33 33
33 33 33
33 33 33
33 33 33
33 33 33
33 33 33
204 204 204
204 204 204
33 33 33
33 33 33
33 33 33
33 33 33
33 33 33
33 33 33
33 33 33
33 33 33
33 33 33
33 33 33
33 33 33
33 33 33
33 33 33
33 33 33
33 33 33
33 33 33
33 33 33
33 33 33
33 33 33
33 33 33
33 33 33
33 33 33
33 33 33
33 33 33
33 33 33
33 33 33
33 33 33
33 33 33
33 33 33
33 33 33
33 33 33
33 33 33
33 33 33
204 204 204
204 204 204
33 33 33
33 33 33
33 33 33
33 33 33
33 33 33
33 33 33
33 33 33
33 33 33
33 33 33
33 33 33
33 33 33
33 33 33
33 33 33
33 33 33
33 33 33
33 33 33
33 33 33
33 33 33
33 33 33
33 33 33
33 33 33
33 33 33
33 33 33
33 33 33
33 33 33
33 33 33
33 33 33
33 33 33
33 33 33
33 33 33
33 33 33
33 33 33
33 33 33
199 199 199
199 199 199
33 33 33
33 33 33
33 33 33
33 33 33
33 33 33
33 33 33
33 33 33
33 33 33
33 33 33
33 33 33
33 33 33
33 33 33
33 33 33
33 33 33
33 33 33
33 33 33
33 33 33
33 33 33
33 33 33
33 33 33
33 33 33
33 33 33
33 33 33
33 33 33
33 33 33
33 33 33
33 33 33
33 33 33
33 33 33
33 33 33
33 33 33
33 33 33
33 33 33
33 33 33
33 33 33
33 33 33
33 33 33
33 33 33
33 33 33
33 33 33
33 33 33
33 33 33
33 33 33
33 33 33
33 33 33
33 33 33
33 33 33
33 33 33
33 33 33
33 33 33
33 33 33
