33 33 33
33 33 33
33 33 33
33 33 33
33 33 33
33 33 33
33 33 33
33 33 33
33 33 33
33 33 33
33 33 33
33 33 33
33 33 33
33 33 33
33 33 33
33 33 33
33 33 33
33 33 33
33 33 33
33 33 33
33 33 33
33 33 33
33 33 33
33 33 33
33 33 33
33 33 33
33 33 33
33 33 33
33 33 33
33 33 33
33 33 33
33 33 33
33 33 33
33 33 33
33 33 33
33 33 33
33 33 33
33 33 33
33 33 33
33 33 33
33 33 33
33 33 33
33 33 33
33 33 33
33 33 33
33 33 33
33 33 33
33 33 33
33 33 33
33 33 33
33 33 33
33 33 33
33 33 33
33 33 33
33 33 33
33 33 33
33 33 33
33 33 33
33 33 33
33 33 33
33 33 33
33 33 33
33 33 33
33 33 33
33 33 33
33 33 33
33 33 33
33 33 33
33 33 33
33 33 33
33 33 33
33 33 33
33 33 33
33 33 33
33 33 33
33 33 33
33 33 33
33 33 33
33 33 33
33 33 33
33 33 33
33 33 33
33 33 33
33 33 33
33 33 33
33 33 33
33 33 33
33 33 33
33 33 33
33 33 33
33 33 33
33 33 33
33 33 33
33 33 33
33 33 33
33 33 33
33 33 33
33 33 33
33 33 33
33 33 33
33 33 33
33 33 33
33 33 33
33 33 33
33 33 33
33 33 33
33 33 33
33 33 33
33 33 33
33 33 33
33 33 33
33 33 33
33 33 33
33 33 33
34 34 34
45 45 45
33 33 33
33 33 33
33 33 33
33 33 33
33 33 33
33 33 33
33 33 33
33 33 33
33 33 33
33 33 33
33 33 33
33 33 33
33 33 33
33 33 33
33 33 33
33 33 33
33 33 33
33 33 33
33 33 33
33 33 33
33 33 33
33 33 33
33 33 33
33 33 33
33 33 33
33 33 33
33 33 33
33 33 33
33 33 33
33 33 33
33 33 33
33 33 33
33 33 33
50 50 50
65 65 65
38 38 38
33 33 33
33 33 33
33 33 33
33 33 33
33 33 33
33 33 33
33 33 33
33 33 33
33 33 33
33 33 33
38 38 38
50 50 50
55 55 55
54 54 54
48 48 48
36 36 36
33 33 33
33 33 33
33 33 33
33 33 33
33 33 33
33 33 33
33 33 33
33 33 33
33 33 33
33 33 33
33 33 33
33 33 33
33 33 33
33 33 33
33 33 33
33 33 33
63 63 63
59 59 59
53 53 53
33 33 33
33 33 33
33 33 33
33 33 33
33 33 33
33 33 33
33 33 33
33 33 33
34 34 34
54 54 54
64 64 64
55 55 55
49 49 49
50 50 50
57 57 57
64 64 64
49 49 49
33 33 33
33 33 33
33 33 33
33 33 33
33 33 33
33 33 33
33 33 33
33 33 33
33 33 33
33 33 33
33 33 33
33 33 33
33 33 33
33 33 33
47 47 47
59 59 59
38 38 38
64 64 64
36 36 36
33 33 33
33 33 33
33 33 33
33 33 33
33 33 33
33 33 33
34 34 34
58 58 58
57 57 57
35 35 35
33 33 33
33 33 33
33 33 33
33 33 33
40 40 40
61 61 61
51 51 51
33 33 33
33 33 33
33 33 33
33 33 33
33 33 33
33 33 33
33 33 33
33 33 33
33 33 33
33 33 33
33 33 33
33 33 33
33 33 33
61 61 61
44 44 44
33 33 33
56 56 56
51 51 51
33 33 33
33 33 33
35 35 35
47 47 47
56 56 56
47 47 47
39 39 39
51 51 51
34 34 34
33 33 33
33 33 33
33 33 33
33 33 33
33 33 33
33 33 33
37 37 37
63 63 63
43 43 43
33 33 33
33 33 33
33 33 33
33 33 33
33 33 33
33 33 33
33 33 33
33 33 33
33 33 33
33 33 33
33 33 33
45 45 45
61 61 61
33 33 33
33 33 33
39 39 39
46 46 46
44 44 44
56 56 56
64 64 64
58 58 58
50 50 50
58 58 58
64 64 64
56 56 56
44 44 44
34 34 34
33 33 33
33 33 33
33 33 33
33 33 33
33 33 33
33 33 33
48 48 48
58 58 58
33 33 33
33 33 33
33 33 33
33 33 33
33 33 33
33 33 33
33 33 33
33 33 33
33 33 33
33 33 33
33 33 33
60 60 60
47 47 47
33 33 33
33 33 33
52 52 52
63 63 63
60 60 60
49 49 49
36 36 36
33 33 33
33 33 33
33 33 33
36 36 36
49 49 49
60 60 60
63 63 63
52 52 52
33 33 33
33 33 33
33 33 33
33 33 33
33 33 33
35 35 35
65 65 65
33 33 33
33 33 33
33 33 33
33 33 33
33 33 33
33 33 33
33 33 33
33 33 33
33 33 33
33 33 33
42 42 42
62 62 62
33 33 33
33 33 33
45 45 45
66 66 66
62 62 62
47 47 47
34 34 34
33 33 33
33 33 33
33 33 33
33 33 33
33 33 33
34 34 34
47 47 47
61 61 61
66 66 66
45 45 45
33 33 33
33 33 33
33 33 33
33 33 33
33 33 33
66 66 66
33 33 33
33 33 33
33 33 33
33 33 33
33 33 33
33 33 33
33 33 33
33 33 33
33 33 33
33 33 33
58 58 58
49 49 49
33 33 33
33 33 33
49 49 49
59 59 59
46 46 46
59 59 59
64 64 64
54 54 54
41 41 41
33 33 33
42 42 42
55 55 55
64 64 64
59 59 59
46 46 46
59 59 59
49 49 49
33 33 33
33 33 33
33 33 33
33 33 33
34 34 34
65 65 65
33 33 33
33 33 33
33 33 33
33 33 33
33 33 33
33 33 33
33 33 33
33 33 33
33 33 33
40 40 40
64 64 64
34 34 34
33 33 33
33 33 33
49 49 49
58 58 58
33 33 33
33 33 33
38 38 38
52 52 52
63 63 63
64 64 64
62 62 62
51 51 51
38 38 38
33 33 33
33 33 33
58 58 58
49 49 49
33 33 33
33 33 33
33 33 33
33 33 33
45 45 45
60 60 60
33 33 33
33 33 33
33 33 33
33 33 33
33 33 33
33 33 33
33 33 33
33 33 33
33 33 33
56 56 56
50 50 50
33 33 33
33 33 33
33 33 33
49 49 49
58 58 58
33 33 33
33 33 33
33 33 33
33 33 33
33 33 33
66 66 66
33 33 33
33 33 33
33 33 33
33 33 33
33 33 33
58 58 58
49 49 49
33 33 33
33 33 33
33 33 33
34 34 34
61 61 61
47 47 47
33 33 33
33 33 33
33 33 33
33 33 33
33 33 33
33 33 33
33 33 33
33 33 33
38 38 38
64 64 64
36 36 36
33 33 33
33 33 33
33 33 33
49 49 49
58 58 58
33 33 33
33 33 33
33 33 33
33 33 33
33 33 33
66 66 66
33 33 33
33 33 33
33 33 33
33 33 33
33 33 33
58 58 58
49 49 49
33 33 33
33 33 33
35 35 35
57 57 57
57 57 57
33 33 33
33 33 33
33 33 33
33 33 33
33 33 33
33 33 33
33 33 33
33 33 33
33 33 33
54 54 54
53 53 53
33 33 33
33 33 33
33 33 33
33 33 33
49 49 49
58 58 58
33 33 33
33 33 33
33 33 33
33 33 33
33 33 33
66 66 66
33 33 33
33 33 33
33 33 33
33 33 33
33 33 33
58 58 58
49 49 49
43 43 43
51 51 51
63 63 63
55 55 55
34 34 34
33 33 33
33 33 33
33 33 33
33 33 33
33 33 33
33 33 33
33 33 33
33 33 33
33 33 33
65 65 65
62 62 62
61 61 61
61 61 61
61 61 61
61 61 61
49 49 49
58 58 58
33 33 33
33 33 33
33 33 33
33 33 33
33 33 33
66 66 66
33 33 33
33 33 33
33 33 33
33 33 33
33 33 33
58 58 58
49 49 49
60 60 60
55 55 55
42 42 42
33 33 33
33 33 33
33 33 33
33 33 33
33 33 33
33 33 33
33 33 33
33 33 33
33 33 33
33 33 33
33 33 33
41 41 41
43 43 43
43 43 43
43 43 43
43 43 43
42 42 42
49 49 49
58 58 58
33 33 33
33 33 33
33 33 33
33 33 33
33 33 33
66 66 66
33 33 33
33 33 33
33 33 33
33 33 33
33 33 33
58 58 58
49 49 49
33 33 33
33 33 33
33 33 33
33 33 33
33 33 33
33 33 33
33 33 33
33 33 33
33 33 33
33 33 33
33 33 33
33 33 33
33 33 33
33 33 33
33 33 33
33 33 33
33 33 33
33 33 33
33 33 33
33 33 33
38 38 38
63 63 63
56 56 56
42 42 42
33 33 33
33 33 33
33 33 33
66 66 66
33 33 33
33 33 33
33 33 33
42 42 42
56 56 56
63 63 63
38 38 38
33 33 33
33 33 33
33 33 33
33 33 33
33 33 33
33 33 33
33 33 33
33 33 33
33 33 33
33 33 33
33 33 33
33 33 33
33 33 33
33 33 33
33 33 33
33 33 33
33 33 33
33 33 33
33 33 33
33 33 33
33 33 33
36 36 36
50 50 50
62 62 62
60 60 60
48 48 48
34 34 34
66 66 66
34 34 34
48 48 48
60 60 60
62 62 62
50 50 50
36 36 36
33 33 33
33 33 33
33 33 33
33 33 33
33 33 33
33 33 33
33 33 33
33 33 33
33 33 33
33 33 33
33 33 33
33 33 33
33 33 33
33 33 33
33 33 33
33 33 33
33 33 33
33 33 33
33 33 33
33 33 33
33 33 33
33 33 33
33 33 33
33 33 33
33 33 33
45 45 45
58 58 58
64 64 64
66 66 66
64 64 64
58 58 58
45 45 45
33 33 33
33 33 33
33 33 33
33 33 33
33 33 33
33 33 33
33 33 33
33 33 33
33 33 33
33 33 33
33 33 33
33 33 33
33 33 33
33 33 33
33 33 33
33 33 33
33 33 33
33 33 33
33 33 33
33 33 33
33 33 33
33 33 33
33 33 33
33 33 33
33 33 33
33 33 33
33 33 33
33 33 33
33 33 33
33 33 33
39 39 39
50 50 50
39 39 39
33 33 33
33 33 33
33 33 33
33 33 33
33 33 33
33 33 33
33 33 33
33 33 33
33 33 33
33 33 33
33 33 33
33 33 33
33 33 33
33 33 33
33 33 33
33 33 33
33 33 33
33 33 33
33 33 33
33 33 33
33 33 33
33 33 33
33 33 33
33 33 33
33 33 33
33 33 33
33 33 33
33 33 33
33 33 33
33 33 33
33 33 33
33 33 33
33 33 33
33 33 33
33 33 33
33 33 33
33 33 33
33 33 33
33 33 33
33 33 33
33 33 33
33 33 33
33 33 33
33 33 33
33 33 33
33 33 33
33 33 33
33 33 33
33 33 33
33 33 33
33 33 33
33 33 33
33 33 33
33 33 33
33 33 33
33 33 33
33 33 33
33 33 33
33 33 33
33 33 33
33 33 33
33 33 33
33 33 33
33 33 33
33 33 33
33 33 33
33 33 33
33 33 33
33 33 33
33 33 33
33 33 33
33 33 33
33 33 33
33 33 33
33 33 33
33 33 33
33 33 33
33 33 33
33 33 33
33 33 33
33 33 33
33 33 33
33 33 33
33 33 33
33 33 33
33 33 33
33 33 33
33 33 33
33 33 33
33 33 33
33 33 33
33 33 33
33 33 33
33 33 33
33 33 33
33 33 33
33 33 33
33 33 33
33 33 33
33 33 33
33 33 33
33 33 33
33 33 33
33 33 33
33 33 33
33 33 33
33 33 33
33 33 33
33 33 33
33 33 33
33 33 33
33 33 33
33 33 33
33 33 33
33 33 33
33 33 33
33 33 33
33 33 33
33 33 33
33 33 33
33 33 33
