33 33 33
33 33 33
33 33 33
33 33 33
33 33 33
33 33 33
33 33 33
33 33 33
33 33 33
33 33 33
33 33 33
33 33 33
33 33 33
33 33 33
33 33 33
33 33 33
33 33 33
33 33 33
33 33 33
33 33 33
33 33 33
33 33 33
33 33 33
33 33 33
33 33 33
33 33 33
33 33 33
33 33 33
33 33 33
33 33 33
33 33 33
33 33 33
33 33 33
33 33 33
33 33 33
33 33 33
33 33 33
33 33 33
33 33 33
33 33 33
33 33 33
33 33 33
33 33 33
33 33 33
33 33 33
33 33 33
33 33 33
33 33 33
33 33 33
33 33 33
33 33 33
33 33 33
33 33 33
33 33 33
33 33 33
33 33 33
33 33 33
33 33 33
33 33 33
33 33 33
33 33 33
33 33 33
33 33 33
33 33 33
33 33 33
33 33 33
33 33 33
33 33 33
33 33 33
33 33 33
33 33 33
33 33 33
33 33 33
33 33 33
33 33 33
33 33 33
33 33 33
33 33 33
33 33 33
33 33 33
33 33 33
33 33 33
33 33 33
33 33 33
33 33 33
33 33 33
33 33 33
33 33 33
33 33 33
33 33 33
33 33 33
33 33 33
33 33 33
33 33 33
33 33 33
33 33 33
33 33 33
33 33 33
33 33 33
33 33 33
33 33 33
33 33 33
33 33 33
33 33 33
33 33 33
33 33 33
33 33 33
33 33 33
33 33 33
33 33 33
33 33 33
33 33 33
33 33 33
33 33 33
52 52 52
148 148 148
33 33 33
33 33 33
33 33 33
33 33 33
33 33 33
33 33 33
33 33 33
33 33 33
33 33 33
33 33 33
33 33 33
33 33 33
33 33 33
33 33 33
33 33 33
33 33 33
33 33 33
33 33 33
33 33 33
33 33 33
33 33 33
33 33 33
33 33 33
33 33 33
33 33 33
33 33 33
33 33 33
33 33 33
33 33 33
33 33 33
33 33 33
33 33 33
33 33 33
174 174 174
251 251 251
94 94 94
33 33 33
33 33 33
33 33 33
33 33 33
33 33 33
33 33 33
33 33 33
33 33 33
33 33 33
33 33 33
100 100 100
178 178 178
201 201 201
197 197 197
166 166 166
76 76 76
33 33 33
33 33 33
33 33 33
33 33 33
33 33 33
33 33 33
33 33 33
33 33 33
33 33 33
33 33 33
33 33 33
33 33 33
33 33 33
33 33 33
33 33 33
37 37 37
239 239 239
222 222 222
193 193 193
33 33 33
33 33 33
33 33 33
33 33 33
33 33 33
33 33 33
33 33 33
33 33 33
57 57 57
200 200 200
244 244 244
204 204 204
173 173 173
178 178 178
214 214 214
246 246 246
171 171 171
33 33 33
33 33 33
33 33 33
33 33 33
33 33 33
33 33 33
33 33 33
33 33 33
33 33 33
33 33 33
33 33 33
33 33 33
33 33 33
33 33 33
162 162 162
223 223 223
94 94 94
246 246 246
78 78 78
33 33 33
33 33 33
33 33 33
33 33 33
33 33 33
33 33 33
45 45 45
219 219 219
214 214 214
72 72 72
33 33 33
33 33 33
33 33 33
33 33 33
109 109 109
233 233 233
184 184 184
33 33 33
33 33 33
33 33 33
33 33 33
33 33 33
33 33 33
33 33 33
33 33 33
33 33 33
33 33 33
33 33 33
33 33 33
33 33 33
232 232 232
143 143 143
33 33 33
205 205 205
181 181 181
33 33 33
33 33 33
63 63 63
159 159 159
207 207 207
159 159 159
106 106 106
183 183 183
45 45 45
33 33 33
33 33 33
33 33 33
33 33 33
33 33 33
33 33 33
85 85 85
240 240 240
133 133 133
33 33 33
33 33 33
33 33 33
33 33 33
33 33 33
33 33 33
33 33 33
33 33 33
33 33 33
33 33 33
33 33 33
146 146 146
231 231 231
33 33 33
33 33 33
105 105 105
154 154 154
141 141 141
209 209 209
247 247 247
216 216 216
178 178 178
216 216 216
247 247 247
209 209 209
141 141 141
45 45 45
33 33 33
33 33 33
33 33 33
33 33 33
33 33 33
33 33 33
167 167 167
219 219 219
33 33 33
33 33 33
33 33 33
33 33 33
33 33 33
33 33 33
33 33 33
33 33 33
33 33 33
33 33 33
33 33 33
225 225 225
157 157 157
33 33 33
37 37 37
185 185 185
243 243 243
227 227 227
171 171 171
82 82 82
33 33 33
33 33 33
33 33 33
82 82 82
171 171 171
227 227 227
243 243 243
185 185 185
37 37 37
33 33 33
33 33 33
33 33 33
33 33 33
72 72 72
250 250 250
33 33 33
33 33 33
33 33 33
33 33 33
33 33 33
33 33 33
33 33 33
33 33 33
33 33 33
33 33 33
130 130 130
237 237 237
41 41 41
33 33 33
150 150 150
255 255 255
236 236 236
159 159 159
45 45 45
33 33 33
33 33 33
33 33 33
33 33 33
33 33 33
55 55 55
159 159 159
233 233 233
255 255 255
150 150 150
33 33 33
33 33 33
33 33 33
33 33 33
33 33 33
253 253 253
33 33 33
33 33 33
33 33 33
33 33 33
33 33 33
33 33 33
33 33 33
33 33 33
33 33 33
33 33 33
216 216 216
169 169 169
33 33 33
33 33 33
168 168 168
222 222 222
156 156 156
221 221 221
247 247 247
198 198 198
121 121 121
33 33 33
125 125 125
203 203 203
247 247 247
220 220 220
156 156 156
222 222 222
168 168 168
33 33 33
33 33 33
33 33 33
33 33 33
45 45 45
252 252 252
33 33 33
33 33 33
33 33 33
33 33 33
33 33 33
33 33 33
33 33 33
33 33 33
33 33 33
115 115 115
244 244 244
52 52 52
33 33 33
33 33 33
168 168 168
218 218 218
33 33 33
33 33 33
98 98 98
185 185 185
239 239 239
244 244 244
236 236 236
181 181 181
95 95 95
33 33 33
33 33 33
218 218 218
168 168 168
33 33 33
33 33 33
33 33 33
33 33 33
150 150 150
228 228 228
33 33 33
33 33 33
33 33 33
33 33 33
33 33 33
33 33 33
33 33 33
33 33 33
33 33 33
207 207 207
178 178 178
33 33 33
33 33 33
33 33 33
168 168 168
218 218 218
33 33 33
33 33 33
33 33 33
33 33 33
37 37 37
255 255 255
37 37 37
33 33 33
33 33 33
33 33 33
33 33 33
218 218 218
168 168 168
33 33 33
33 33 33
33 33 33
52 52 52
231 231 231
159 159 159
33 33 33
33 33 33
33 33 33
33 33 33
33 33 33
33 33 33
33 33 33
33 33 33
97 97 97
246 246 246
78 78 78
33 33 33
33 33 33
33 33 33
168 168 168
218 218 218
33 33 33
33 33 33
33 33 33
33 33 33
38 38 38
255 255 255
38 38 38
33 33 33
33 33 33
33 33 33
33 33 33
218 218 218
168 168 168
33 33 33
33 33 33
65 65 65
214 214 214
212 212 212
33 33 33
33 33 33
33 33 33
33 33 33
33 33 33
33 33 33
33 33 33
33 33 33
33 33 33
200 200 200
192 192 192
33 33 33
33 33 33
33 33 33
33 33 33
168 168 168
218 218 218
33 33 33
33 33 33
33 33 33
33 33 33
38 38 38
255 255 255
38 38 38
33 33 33
33 33 33
33 33 33
33 33 33
218 218 218
168 168 168
137 137 137
183 183 183
241 241 241
204 204 204
49 49 49
33 33 33
33 33 33
33 33 33
33 33 33
33 33 33
33 33 33
33 33 33
33 33 33
33 33 33
249 249 249
237 237 237
232 232 232
232 232 232
232 232 232
231 231 231
168 168 168
218 218 218
33 33 33
33 33 33
33 33 33
33 33 33
38 38 38
255 255 255
38 38 38
33 33 33
33 33 33
33 33 33
33 33 33
218 218 218
168 168 168
225 225 225
201 201 201
125 125 125
33 33 33
33 33 33
33 33 33
33 33 33
33 33 33
33 33 33
33 33 33
33 33 33
33 33 33
33 33 33
33 33 33
123 123 123
131 131 131
131 131 131
131 131 131
131 131 131
130 130 130
168 168 168
218 218 218
33 33 33
33 33 33
33 33 33
33 33 33
38 38 38
255 255 255
38 38 38
33 33 33
33 33 33
33 33 33
33 33 33
218 218 218
168 168 168
33 33 33
33 33 33
33 33 33
33 33 33
33 33 33
33 33 33
33 33 33
33 33 33
33 33 33
33 33 33
33 33 33
33 33 33
33 33 33
33 33 33
33 33 33
33 33 33
33 33 33
33 33 33
33 33 33
33 33 33
97 97 97
242 242 242
207 207 207
127 127 127
33 33 33
33 33 33
38 38 38
255 255 255
38 38 38
33 33 33
33 33 33
127 127 127
207 207 207
242 242 242
97 97 97
33 33 33
33 33 33
33 33 33
33 33 33
33 33 33
33 33 33
33 33 33
33 33 33
33 33 33
33 33 33
33 33 33
33 33 33
33 33 33
33 33 33
33 33 33
33 33 33
33 33 33
33 33 33
33 33 33
33 33 33
33 33 33
76 76 76
178 178 178
237 237 237
228 228 228
165 165 165
60 60 60
255 255 255
60 60 60
163 163 163
228 228 228
238 238 238
178 178 178
76 76 76
33 33 33
33 33 33
33 33 33
33 33 33
33 33 33
33 33 33
33 33 33
33 33 33
33 33 33
33 33 33
33 33 33
33 33 33
33 33 33
33 33 33
33 33 33
33 33 33
33 33 33
33 33 33
33 33 33
33 33 33
33 33 33
33 33 33
33 33 33
33 33 33
41 41 41
146 146 146
217 217 217
244 244 244
254 254 254
244 244 244
217 217 217
146 146 146
41 41 41
33 33 33
33 33 33
33 33 33
33 33 33
33 33 33
33 33 33
33 33 33
33 33 33
33 33 33
33 33 33
33 33 33
33 33 33
33 33 33
33 33 33
33 33 33
33 33 33
33 33 33
33 33 33
33 33 33
33 33 33
33 33 33
33 33 33
33 33 33
33 33 33
33 33 33
33 33 33
33 33 33
33 33 33
33 33 33
104 104 104
174 174 174
104 104 104
33 33 33
33 33 33
33 33 33
33 33 33
33 33 33
33 33 33
33 33 33
33 33 33
33 33 33
33 33 33
33 33 33
33 33 33
33 33 33
33 33 33
33 33 33
33 33 33
33 33 33
33 33 33
33 33 33
33 33 33
33 33 33
33 33 33
33 33 33
33 33 33
33 33 33
33 33 33
33 33 33
33 33 33
33 33 33
33 33 33
33 33 33
33 33 33
33 33 33
33 33 33
33 33 33
33 33 33
33 33 33
33 33 33
33 33 33
33 33 33
33 33 33
33 33 33
33 33 33
33 33 33
33 33 33
33 33 33
33 33 33
33 33 33
33 33 33
33 33 33
33 33 33
33 33 33
33 33 33
33 33 33
33 33 33
33 33 33
33 33 33
33 33 33
33 33 33
33 33 33
33 33 33
33 33 33
33 33 33
33 33 33
33 33 33
33 33 33
33 33 33
33 33 33
33 33 33
33 33 33
33 33 33
33 33 33
33 33 33
33 33 33
33 33 33
33 33 33
33 33 33
33 33 33
33 33 33
33 33 33
33 33 33
33 33 33
33 33 33
33 33 33
33 33 33
33 33 33
33 33 33
33 33 33
33 33 33
33 33 33
33 33 33
33 33 33
33 33 33
33 33 33
33 33 33
33 33 33
33 33 33
33 33 33
33 33 33
33 33 33
33 33 33
33 33 33
33 33 33
33 33 33
33 33 33
33 33 33
33 33 33
33 33 33
33 33 33
33 33 33
33 33 33
33 33 33
33 33 33
33 33 33
33 33 33
33 33 33
33 33 33
33 33 33
33 33 33
33 33 33
33 33 33
