33 33 33
33 33 33
33 33 33
33 33 33
33 33 33
33 33 33
33 33 33
33 33 33
33 33 33
33 33 33
33 33 33
33 33 33
33 33 33
33 33 33
33 33 33
33 33 33
33 33 33
33 33 33
33 33 33
33 33 33
33 33 33
33 33 33
33 33 33
33 33 33
33 33 33
33 33 33
33 33 33
33 33 33
33 33 33
33 33 33
33 33 33
33 33 33
33 33 33
33 33 33
33 33 33
33 33 33
33 33 33
33 33 33
33 33 33
33 33 33
33 33 33
33 33 33
33 33 33
33 33 33
33 33 33
33 33 33
33 33 33
33 33 33
33 33 33
33 33 33
33 33 33
33 33 33
33 33 33
33 33 33
33 33 33
33 33 33
33 33 33
33 33 33
33 33 33
33 33 33
33 33 33
33 33 33
33 33 33
33 33 33
33 33 33
33 33 33
33 33 33
33 33 33
33 33 33
33 33 33
33 33 33
33 33 33
33 33 33
33 33 33
33 33 33
33 33 33
33 33 33
33 33 33
33 33 33
33 33 33
33 33 33
33 33 33
33 33 33
33 33 33
33 33 33
33 33 33
33 33 33
33 33 33
33 33 33
33 33 33
33 33 33
33 33 33
33 33 33
33 33 33
33 33 33
33 33 33
33 33 33
33 33 33
33 33 33
33 33 33
33 33 33
33 33 33
33 33 33
33 33 33
33 33 33
33 33 33
33 33 33
33 33 33
33 33 33
33 33 33
33 33 33
33 33 33
33 33 33
33 33 33
33 33 33
33 33 33
33 33 33
33 33 33
33 33 33
33 33 33
33 33 33
33 33 33
33 33 33
33 33 33
33 33 33
33 33 33
33 33 33
33 33 33
33 33 33
33 33 33
33 33 33
33 33 33
33 33 33
33 33 33
33 33 33
33 33 33
33 33 33
33 33 33
33 33 33
33 33 33
33 33 33
33 33 33
33 33 33
33 33 33
33 33 33
33 33 33
33 33 33
33 33 33
33 33 33
33 33 33
120 120 120
150 150 150
33 33 33
33 33 33
33 33 33
33 33 33
33 33 33
33 33 33
33 33 33
33 33 33
33 33 33
33 33 33
33 33 33
33 33 33
33 33 33
33 33 33
33 33 33
33 33 33
33 33 33
33 33 33
33 33 33
33 33 33
33 33 33
33 33 33
33 33 33
33 33 33
33 33 33
33 33 33
33 33 33
33 33 33
33 33 33
33 33 33
33 33 33
33 33 33
33 33 33
222 222 222
242 242 242
55 55 55
33 33 33
33 33 33
33 33 33
33 33 33
33 33 33
33 33 33
33 33 33
33 33 33
33 33 33
125 125 125
198 198 198
227 227 227
228 228 228
209 209 209
147 147 147
33 33 33
33 33 33
33 33 33
33 33 33
33 33 33
33 33 33
33 33 33
33 33 33
33 33 33
33 33 33
33 33 33
33 33 33
33 33 33
33 33 33
33 33 33
33 33 33
121 121 121
236 236 236
214 214 214
165 165 165
33 33 33
33 33 33
33 33 33
33 33 33
33 33 33
33 33 33
33 33 33
33 33 33
195 195 195
242 242 242
178 178 178
132 132 132
127 127 127
167 167 167
231 231 231
220 220 220
70 70 70
33 33 33
33 33 33
33 33 33
33 33 33
33 33 33
33 33 33
33 33 33
33 33 33
33 33 33
33 33 33
33 33 33
33 33 33
33 33 33
33 33 33
211 211 211
169 169 169
125 125 125
236 236 236
33 33 33
33 33 33
33 33 33
33 33 33
33 33 33
33 33 33
33 33 33
197 197 197
219 219 219
60 60 60
33 33 33
33 33 33
33 33 33
33 33 33
33 33 33
192 192 192
226 226 226
49 49 49
33 33 33
33 33 33
33 33 33
33 33 33
33 33 33
33 33 33
33 33 33
33 33 33
33 33 33
33 33 33
33 33 33
33 33 33
113 113 113
245 245 245
45 45 45
33 33 33
224 224 224
150 150 150
33 33 33
104 104 104
187 187 187
235 235 235
235 235 235
187 187 187
150 150 150
60 60 60
33 33 33
33 33 33
33 33 33
33 33 33
33 33 33
33 33 33
33 33 33
212 212 212
174 174 174
33 33 33
33 33 33
33 33 33
33 33 33
33 33 33
33 33 33
33 33 33
33 33 33
33 33 33
33 33 33
33 33 33
33 33 33
199 199 199
181 181 181
33 33 33
33 33 33
104 104 104
171 171 171
223 223 223
242 242 242
192 192 192
112 112 112
112 112 112
192 192 192
242 242 242
223 223 223
171 171 171
74 74 74
33 33 33
33 33 33
33 33 33
33 33 33
33 33 33
118 118 118
234 234 234
33 33 33
33 33 33
33 33 33
33 33 33
33 33 33
33 33 33
33 33 33
33 33 33
33 33 33
33 33 33
33 33 33
87 87 87
243 243 243
72 72 72
33 33 33
141 141 141
250 250 250
216 216 216
138 138 138
37 37 37
33 33 33
33 33 33
33 33 33
33 33 33
37 37 37
138 138 138
214 214 214
250 250 250
141 141 141
33 33 33
33 33 33
33 33 33
33 33 33
33 33 33
249 249 249
33 33 33
33 33 33
33 33 33
33 33 33
33 33 33
33 33 33
33 33 33
33 33 33
33 33 33
33 33 33
33 33 33
195 195 195
194 194 194
33 33 33
33 33 33
204 204 204
233 233 233
244 244 244
207 207 207
139 139 139
33 33 33
33 33 33
33 33 33
33 33 33
142 142 142
211 211 211
244 244 244
233 233 233
204 204 204
33 33 33
33 33 33
33 33 33
33 33 33
33 33 33
247 247 247
33 33 33
33 33 33
33 33 33
33 33 33
33 33 33
33 33 33
33 33 33
33 33 33
33 33 33
33 33 33
70 70 70
242 242 242
87 87 87
33 33 33
33 33 33
204 204 204
171 171 171
72 72 72
167 167 167
226 226 226
239 239 239
185 185 185
188 188 188
241 241 241
225 225 225
166 166 166
72 72 72
171 171 171
204 204 204
33 33 33
33 33 33
33 33 33
33 33 33
84 84 84
245 245 245
33 33 33
33 33 33
33 33 33
33 33 33
33 33 33
33 33 33
33 33 33
33 33 33
33 33 33
33 33 33
180 180 180
204 204 204
33 33 33
33 33 33
33 33 33
204 204 204
171 171 171
33 33 33
33 33 33
33 33 33
113 113 113
222 222 222
219 219 219
105 105 105
33 33 33
33 33 33
33 33 33
171 171 171
204 204 204
33 33 33
33 33 33
33 33 33
33 33 33
183 183 183
202 202 202
33 33 33
33 33 33
33 33 33
33 33 33
33 33 33
33 33 33
33 33 33
33 33 33
33 33 33
55 55 55
241 241 241
106 106 106
33 33 33
33 33 33
33 33 33
204 204 204
171 171 171
33 33 33
33 33 33
33 33 33
33 33 33
191 191 191
191 191 191
33 33 33
33 33 33
33 33 33
33 33 33
171 171 171
204 204 204
33 33 33
33 33 33
33 33 33
133 133 133
242 242 242
94 94 94
33 33 33
33 33 33
33 33 33
33 33 33
33 33 33
33 33 33
33 33 33
33 33 33
33 33 33
169 169 169
208 208 208
33 33 33
33 33 33
33 33 33
33 33 33
204 204 204
171 171 171
33 33 33
33 33 33
33 33 33
33 33 33
191 191 191
191 191 191
33 33 33
33 33 33
33 33 33
33 33 33
171 171 171
204 204 204
33 33 33
70 70 70
181 181 181
244 244 244
133 133 133
33 33 33
33 33 33
33 33 33
33 33 33
33 33 33
33 33 33
33 33 33
33 33 33
33 33 33
33 33 33
238 238 238
203 203 203
174 174 174
174 174 174
174 174 174
157 157 157
204 204 204
171 171 171
33 33 33
33 33 33
33 33 33
33 33 33
191 191 191
191 191 191
33 33 33
33 33 33
33 33 33
33 33 33
171 171 171
204 204 204
212 212 212
249 249 249
209 209 209
102 102 102
33 33 33
33 33 33
33 33 33
33 33 33
33 33 33
33 33 33
33 33 33
33 33 33
33 33 33
33 33 33
33 33 33
196 196 196
204 204 204
204 204 204
204 204 204
204 204 204
182 182 182
204 204 204
171 171 171
33 33 33
33 33 33
33 33 33
33 33 33
191 191 191
191 191 191
33 33 33
33 33 33
33 33 33
33 33 33
171 171 171
204 204 204
76 76 76
45 45 45
33 33 33
33 33 33
33 33 33
33 33 33
33 33 33
33 33 33
33 33 33
33 33 33
33 33 33
33 33 33
33 33 33
33 33 33
33 33 33
33 33 33
33 33 33
33 33 33
33 33 33
33 33 33
33 33 33
181 181 181
222 222 222
127 127 127
33 33 33
33 33 33
33 33 33
191 191 191
191 191 191
33 33 33
33 33 33
33 33 33
127 127 127
222 222 222
181 181 181
33 33 33
33 33 33
33 33 33
33 33 33
33 33 33
33 33 33
33 33 33
33 33 33
33 33 33
33 33 33
33 33 33
33 33 33
33 33 33
33 33 33
33 33 33
33 33 33
33 33 33
33 33 33
33 33 33
33 33 33
33 33 33
42 42 42
168 168 168
233 233 233
230 230 230
165 165 165
58 58 58
191 191 191
191 191 191
52 52 52
164 164 164
230 230 230
233 233 233
168 168 168
42 42 42
33 33 33
33 33 33
33 33 33
33 33 33
33 33 33
33 33 33
33 33 33
33 33 33
33 33 33
33 33 33
33 33 33
33 33 33
33 33 33
33 33 33
33 33 33
33 33 33
33 33 33
33 33 33
33 33 33
33 33 33
33 33 33
33 33 33
33 33 33
33 33 33
131 131 131
212 212 212
243 243 243
232 232 232
232 232 232
243 243 243
212 212 212
136 136 136
33 33 33
33 33 33
33 33 33
33 33 33
33 33 33
33 33 33
33 33 33
33 33 33
33 33 33
33 33 33
33 33 33
33 33 33
33 33 33
33 33 33
33 33 33
33 33 33
33 33 33
33 33 33
33 33 33
33 33 33
33 33 33
33 33 33
33 33 33
33 33 33
33 33 33
33 33 33
33 33 33
33 33 33
33 33 33
90 90 90
186 186 186
186 186 186
90 90 90
33 33 33
33 33 33
33 33 33
33 33 33
33 33 33
33 33 33
33 33 33
33 33 33
33 33 33
33 33 33
33 33 33
33 33 33
33 33 33
33 33 33
33 33 33
33 33 33
33 33 33
33 33 33
33 33 33
33 33 33
33 33 33
33 33 33
33 33 33
33 33 33
33 33 33
33 33 33
33 33 33
33 33 33
33 33 33
33 33 33
33 33 33
33 33 33
33 33 33
33 33 33
33 33 33
33 33 33
33 33 33
33 33 33
33 33 33
33 33 33
33 33 33
33 33 33
33 33 33
33 33 33
33 33 33
33 33 33
33 33 33
33 33 33
33 33 33
33 33 33
33 33 33
33 33 33
33 33 33
33 33 33
33 33 33
33 33 33
33 33 33
33 33 33
33 33 33
33 33 33
33 33 33
33 33 33
33 33 33
33 33 33
33 33 33
33 33 33
33 33 33
33 33 33
33 33 33
33 33 33
33 33 33
33 33 33
33 33 33
33 33 33
33 33 33
33 33 33
33 33 33
33 33 33
33 33 33
33 33 33
33 33 33
33 33 33
33 33 33
33 33 33
33 33 33
33 33 33
33 33 33
33 33 33
33 33 33
33 33 33
33 33 33
33 33 33
33 33 33
33 33 33
33 33 33
33 33 33
33 33 33
33 33 33
33 33 33
33 33 33
33 33 33
33 33 33
33 33 33
33 33 33
33 33 33
33 33 33
33 33 33
33 33 33
33 33 33
33 33 33
33 33 33
33 33 33
33 33 33
33 33 33
33 33 33
33 33 33
33 33 33
33 33 33
33 33 33
33 33 33
