255 255 255
255 255 255
255 255 255
255 255 255
255 255 255
255 255 255
255 255 255
255 255 255
255 255 255
255 255 255
255 255 255
255 255 255
255 251 250
251 221 210
254 189 160
253 167 120
253 137 22
255 136 0
253 137 29
254 167 121
250 189 162
254 226 215
254 252 251
255 255 255
255 255 255
255 255 255
255 255 255
255 255 255
255 255 255
255 255 255
255 255 255
255 255 255
255 255 255
255 255 255
255 255 255
255 255 255
255 255 255
255 255 255
255 255 255
255 255 255
255 255 255
255 255 255
255 255 255
255 255 255
255 255 255
255 252 251
249 202 184
254 144 62
255 136 0
255 136 0
254 150 80
255 169 124
255 169 124
255 169 124
251 141 57
255 136 0
255 136 0
255 150 80
254 211 195
254 252 251
255 255 255
255 255 255
255 255 255
255 255 255
255 255 255
255 255 255
255 255 255
255 255 255
255 255 255
255 255 255
255 255 255
255 255 255
255 255 255
255 255 255
255 255 255
255 255 255
255 255 255
255 255 255
255 255 255
252 237 231
252 157 100
255 136 0
255 150 79
252 203 183
250 238 234
255 255 255
255 255 255
255 255 255
255 255 255
255 255 255
252 236 231
253 201 179
252 145 66
255 136 0
252 163 113
252 241 237
255 255 255
255 255 255
255 255 255
255 255 255
255 255 255
255 255 255
255 255 255
255 255 255
255 255 255
255 255 255
255 255 255
255 255 255
255 255 255
255 255 255
255 255 255
255 255 255
255 255 255
255 234 226
255 143 56
255 136 0
250 196 174
255 251 250
255 255 255
255 255 255
255 255 255
255 255 255
255 255 255
255 255 255
255 255 255
255 255 255
255 255 255
252 248 247
252 194 168
255 136 0
255 143 56
255 234 226
255 255 255
255 255 255
255 255 255
255 255 255
255 255 255
255 255 255
255 255 255
255 255 255
255 255 255
255 255 255
255 255 255
255 255 255
255 255 255
255 255 255
255 255 255
251 239 235
255 143 56
253 139 42
248 220 209
255 255 255
255 255 255
255 255 255
255 255 255
255 255 255
255 255 255
255 255 255
255 255 255
255 255 255
255 255 255
255 255 255
255 255 255
255 255 255
251 217 204
253 136 9
255 143 56
252 241 238
255 255 255
255 255 255
255 255 255
255 255 255
255 255 255
255 255 255
255 255 255
255 255 255
255 255 255
255 255 255
255 255 255
255 255 255
255 255 255
254 251 251
254 163 111
255 136 0
249 218 207
255 255 255
255 255 255
255 255 255
255 255 255
255 255 255
255 255 255
249 242 239
252 222 211
255 255 255
255 255 255
255 255 255
255 255 255
255 255 255
255 255 255
255 255 255
253 217 203
255 136 0
252 163 113
252 251 251
255 255 255
255 255 255
255 255 255
255 255 255
255 255 255
255 255 255
255 255 255
255 255 255
255 255 255
255 255 255
255 255 255
255 255 255
252 210 193
255 136 0
253 194 169
255 255 255
255 255 255
255 255 255
255 255 255
255 255 255
253 246 244
252 194 169
252 137 32
255 136 0
252 164 116
252 234 227
255 255 255
255 255 255
255 255 255
255 255 255
255 255 255
255 255 255
252 193 167
255 136 0
255 214 197
255 255 255
255 255 255
255 255 255
255 255 255
255 255 255
255 255 255
255 255 255
255 255 255
255 255 255
255 255 255
255 255 255
255 252 251
254 148 75
252 144 64
252 248 247
255 255 255
255 255 255
255 255 255
255 248 246
255 200 177
255 143 55
255 136 0
255 136 0
255 136 0
255 136 0
255 136 0
253 191 164
255 248 246
255 255 255
255 255 255
255 255 255
255 255 255
252 248 247
253 146 70
254 149 79
252 252 252
255 255 255
255 255 255
255 255 255
255 255 255
255 255 255
255 255 255
255 255 255
255 255 255
255 255 255
255 255 255
253 223 212
255 136 0
253 200 178
255 255 255
255 255 255
255 255 255
253 254 254
252 189 161
255 136 0
255 136 0
255 136 0
255 136 0
255 136 0
255 136 0
255 136 0
255 136 0
251 143 61
253 212 197
254 254 254
255 255 255
255 255 255
255 255 255
252 201 180
255 136 0
251 225 216
255 255 255
255 255 255
255 255 255
255 255 255
255 255 255
255 255 255
255 255 255
255 255 255
255 255 255
255 255 255
254 188 159
255 136 0
251 236 231
255 255 255
255 255 255
255 255 255
252 218 206
255 252 250
252 226 216
254 154 92
255 136 0
255 136 0
255 136 0
255 136 0
255 136 0
255 136 0
255 175 134
254 233 226
253 251 250
255 255 255
255 255 255
255 255 255
252 233 227
255 136 0
252 196 172
255 255 255
255 255 255
255 255 255
255 255 255
255 255 255
255 255 255
255 255 255
255 255 255
255 255 255
255 255 255
253 163 113
254 141 48
255 255 255
255 255 255
255 255 255
255 255 255
255 169 124
252 151 85
252 222 210
255 252 250
251 197 174
255 136 0
255 136 0
255 136 0
253 170 128
254 232 224
255 248 246
255 200 177
253 174 134
255 255 255
255 255 255
255 255 255
255 255 255
252 135 13
255 169 124
255 255 255
255 255 255
255 255 255
255 255 255
255 255 255
255 255 255
255 255 255
255 255 255
255 255 255
255 255 255
255 136 0
255 168 123
255 255 255
255 255 255
255 255 255
255 255 255
255 169 124
255 136 0
255 136 0
253 176 139
255 241 236
253 237 231
253 183 151
248 224 215
252 248 246
249 198 177
253 142 56
255 136 0
255 169 124
255 255 255
255 255 255
255 255 255
255 255 255
255 169 123
251 139 48
255 255 255
255 255 255
255 255 255
255 255 255
255 255 255
255 255 255
255 255 255
255 255 255
255 255 255
255 255 255
255 136 0
255 169 124
255 255 255
255 255 255
255 255 255
255 255 255
255 169 124
255 136 0
255 136 0
255 136 0
253 138 39
253 203 183
255 255 255
250 211 196
253 144 61
255 136 0
255 136 0
255 136 0
255 169 124
255 255 255
255 255 255
255 255 255
255 255 255
255 169 124
255 136 0
255 255 255
255 255 255
255 255 255
255 255 255
255 255 255
255 255 255
255 255 255
255 255 255
255 255 255
255 255 255
253 135 5
255 169 124
255 255 255
255 255 255
255 255 255
255 255 255
255 169 124
255 136 0
255 136 0
255 136 0
255 136 0
255 135 0
255 255 255
255 170 125
255 136 0
255 136 0
255 136 0
255 136 0
255 169 124
255 255 255
255 255 255
255 255 255
255 255 255
255 168 123
253 136 20
255 255 255
255 255 255
255 255 255
255 255 255
255 255 255
255 255 255
255 255 255
255 255 255
255 255 255
255 255 255
253 166 119
254 143 57
255 255 255
255 255 255
255 255 255
255 255 255
255 169 124
255 136 0
255 136 0
255 136 0
255 136 0
255 135 0
255 255 255
255 170 125
255 136 0
255 136 0
255 136 0
255 136 0
255 169 124
255 255 255
255 255 255
255 255 255
255 255 255
251 136 26
253 167 120
255 255 255
255 255 255
255 255 255
255 255 255
255 255 255
255 255 255
255 255 255
255 255 255
255 255 255
255 255 255
254 189 160
255 136 0
252 237 232
255 255 255
255 255 255
255 255 255
255 169 124
255 136 0
255 136 0
255 136 0
255 136 0
255 135 0
255 255 255
255 170 125
255 136 0
255 136 0
255 136 0
255 136 0
255 169 124
255 255 255
255 255 255
255 255 255
252 233 227
255 136 0
252 189 160
255 255 255
255 255 255
255 255 255
255 255 255
255 255 255
255 255 255
255 255 255
255 255 255
255 255 255
255 255 255
253 223 212
255 136 0
251 201 181
255 255 255
255 255 255
255 255 255
252 234 228
254 163 112
255 136 0
255 136 0
255 136 0
255 135 0
255 255 255
255 170 125
255 136 0
255 136 0
255 136 0
255 136 0
251 193 168
255 255 255
255 255 255
255 255 255
254 198 175
255 136 0
254 225 214
255 255 255
255 255 255
255 255 255
255 255 255
255 255 255
255 255 255
255 255 255
255 255 255
255 255 255
255 255 255
255 252 251
252 145 67
254 149 78
254 250 249
255 255 255
255 255 255
255 255 255
254 253 253
252 210 193
254 143 56
255 136 0
255 135 0
255 255 255
255 170 125
255 136 0
255 136 0
255 175 134
255 233 226
255 255 255
255 255 255
255 255 255
254 248 246
254 143 57
255 151 81
254 252 251
255 255 255
255 255 255
255 255 255
255 255 255
255 255 255
255 255 255
255 255 255
255 255 255
255 255 255
255 255 255
255 255 255
250 204 186
255 136 0
253 194 169
255 255 255
255 255 255
255 255 255
255 255 255
255 255 255
253 246 243
253 187 157
255 135 0
255 255 255
255 170 125
254 173 132
254 233 225
255 255 255
255 255 255
255 255 255
255 255 255
255 255 255
252 191 165
255 136 0
253 213 197
255 255 255
255 255 255
255 255 255
255 255 255
255 255 255
255 255 255
255 255 255
255 255 255
255 255 255
255 255 255
255 255 255
255 255 255
255 252 251
251 156 100
255 136 0
252 217 204
255 255 255
255 255 255
255 255 255
255 255 255
255 255 255
255 255 255
255 233 226
255 255 255
255 241 236
255 255 255
255 255 255
255 255 255
255 255 255
255 255 255
255 255 255
255 241 236
255 136 0
252 164 116
254 254 254
255 255 255
255 255 255
255 255 255
255 255 255
255 255 255
255 255 255
255 255 255
255 255 255
255 255 255
255 255 255
255 255 255
255 255 255
255 255 255
253 236 230
255 143 56
253 136 15
251 217 204
255 255 255
255 255 255
255 255 255
255 255 255
255 255 255
255 255 255
255 255 255
255 255 255
255 255 255
255 255 255
255 255 255
255 255 255
255 255 255
255 255 255
254 252 251
254 204 184
255 245 241
255 255 255
255 255 255
255 255 255
255 255 255
255 255 255
255 255 255
255 255 255
255 255 255
255 255 255
255 255 255
255 255 255
255 255 255
255 255 255
255 255 255
255 255 255
255 234 226
255 143 56
255 136 0
250 194 171
255 251 250
255 255 255
255 255 255
255 255 255
255 255 255
255 255 255
255 255 255
255 255 255
255 255 255
255 255 255
255 248 246
251 192 167
253 202 181
255 255 255
255 255 255
255 255 255
255 255 255
255 255 255
255 255 255
255 255 255
255 255 255
255 255 255
255 255 255
255 255 255
255 255 255
255 255 255
255 255 255
255 255 255
255 255 255
255 255 255
255 255 255
255 255 255
251 236 230
252 158 102
255 136 0
255 150 79
252 204 184
253 239 234
255 255 255
255 255 255
255 255 255
255 255 255
255 255 255
250 238 234
251 200 178
251 144 64
255 136 0
253 182 149
255 255 255
255 255 255
255 255 255
255 255 255
255 255 255
255 255 255
255 255 255
255 255 255
255 255 255
255 255 255
255 255 255
255 255 255
255 255 255
255 255 255
255 255 255
255 255 255
255 255 255
255 255 255
255 255 255
255 255 255
255 252 251
251 208 191
253 147 73
255 136 0
255 136 0
251 141 57
255 169 124
255 169 124
255 169 124
254 148 76
255 136 0
255 136 0
254 149 77
253 211 194
254 252 251
255 255 255
255 255 255
255 255 255
255 255 255
255 255 255
255 255 255
255 255 255
255 255 255
255 255 255
255 255 255
255 255 255
255 255 255
255 255 255
255 255 255
255 255 255
255 255 255
255 255 255
255 255 255
255 255 255
255 255 255
255 255 255
255 255 255
254 252 251
254 224 213
251 188 160
254 168 122
252 138 37
255 136 0
255 136 0
252 163 113
254 188 158
254 224 213
254 252 251
255 255 255
255 255 255
255 255 255
255 255 255
255 255 255
255 255 255
255 255 255
255 255 255
255 255 255
255 255 255
255 255 255
255 255 255
