255 255 255
255 255 255
255 255 255
255 255 255
255 255 255
255 255 255
255 255 255
255 255 255
255 255 255
255 255 255
255 255 255
255 255 255
255 255 255
255 255 255
255 255 255
255 255 255
255 255 255
255 255 255
255 255 255
255 255 255
255 255 255
255 255 255
255 255 255
255 255 255
255 255 255
255 255 255
255 255 255
255 255 255
255 255 255
255 255 255
255 255 255
255 255 255
255 255 255
255 255 255
255 255 255
255 255 255
255 255 255
255 255 255
255 255 255
255 255 255
255 255 255
255 255 255
255 255 255
255 255 255
255 255 255
255 255 255
255 255 255
255 255 255
245 236 236
229 187 187
217 139 139
207 90 90
204 0 0
204 0 0
207 92 92
219 144 144
232 191 191
249 241 241
255 255 255
255 255 255
255 255 255
255 255 255
255 255 255
255 255 255
255 255 255
255 255 255
255 255 255
255 255 255
255 255 255
255 255 255
255 255 255
255 255 255
255 255 255
255 255 255
255 255 255
255 255 255
255 255 255
255 255 255
255 255 255
255 255 255
255 255 255
248 236 236
214 144 144
204 0 0
204 0 0
205 57 57
215 124 124
221 161 161
216 147 147
215 124 124
201 17 17
204 0 0
204 0 0
224 162 162
248 240 240
255 255 255
255 255 255
255 255 255
255 255 255
255 255 255
255 255 255
255 255 255
255 255 255
255 255 255
255 255 255
255 255 255
255 255 255
255 255 255
255 255 255
255 255 255
255 255 255
255 255 255
255 255 255
255 255 255
255 255 255
234 203 203
206 56 56
204 0 0
212 138 138
241 219 219
254 254 254
255 255 255
255 255 255
255 255 255
255 255 255
252 252 252
240 217 217
218 134 134
204 0 0
206 56 56
236 209 209
255 255 255
255 255 255
255 255 255
255 255 255
255 255 255
255 255 255
255 255 255
255 255 255
255 255 255
255 255 255
255 255 255
255 255 255
255 255 255
255 255 255
255 255 255
255 255 255
255 255 255
255 255 255
227 190 190
204 0 0
211 97 97
241 221 221
255 255 255
255 255 255
255 255 255
255 255 255
255 255 255
255 255 255
255 255 255
255 255 255
255 255 255
255 255 255
241 219 219
209 91 91
204 0 0
235 202 202
255 255 255
255 255 255
255 255 255
255 255 255
255 255 255
255 255 255
255 255 255
255 255 255
255 255 255
255 255 255
255 255 255
255 255 255
255 255 255
255 255 255
255 255 255
255 255 255
236 208 208
204 0 0
208 113 113
247 242 242
255 255 255
255 255 255
255 255 255
255 255 255
255 255 255
255 255 255
255 255 255
255 255 255
255 255 255
255 255 255
255 255 255
255 255 255
249 241 241
209 98 98
204 0 0
237 209 209
255 255 255
255 255 255
255 255 255
255 255 255
255 255 255
255 255 255
255 255 255
255 255 255
255 255 255
255 255 255
255 255 255
255 255 255
255 255 255
255 255 255
247 239 239
206 56 56
209 92 92
249 241 241
255 255 255
255 255 255
255 255 255
255 255 255
255 255 255
251 246 246
229 182 182
238 212 212
255 255 255
255 255 255
255 255 255
255 255 255
255 255 255
255 255 255
250 241 241
208 89 89
206 56 56
249 240 240
255 255 255
255 255 255
255 255 255
255 255 255
255 255 255
255 255 255
255 255 255
255 255 255
255 255 255
255 255 255
255 255 255
255 255 255
255 255 255
223 159 159
204 0 0
241 219 219
255 255 255
255 255 255
255 255 255
255 255 255
251 246 246
228 177 177
206 56 56
204 0 0
204 0 0
215 136 136
248 236 236
255 255 255
255 255 255
255 255 255
255 255 255
255 255 255
242 220 220
204 0 0
224 162 162
255 255 255
255 255 255
255 255 255
255 255 255
255 255 255
255 255 255
255 255 255
255 255 255
255 255 255
255 255 255
255 255 255
255 255 255
248 239 239
204 0 0
218 134 134
255 255 255
255 255 255
255 255 255
253 250 250
225 182 182
205 56 56
204 0 0
204 0 0
204 0 0
204 0 0
204 0 0
203 29 29
226 178 178
253 250 250
255 255 255
255 255 255
255 255 255
255 255 255
216 135 135
203 0 0
249 243 243
255 255 255
255 255 255
255 255 255
255 255 255
255 255 255
255 255 255
255 255 255
255 255 255
255 255 255
255 255 255
255 255 255
230 187 187
204 0 0
239 216 216
255 255 255
255 255 255
255 255 255
253 251 251
229 185 185
203 36 36
204 0 0
204 0 0
204 0 0
204 0 0
204 0 0
204 0 0
204 0 0
210 98 98
247 244 244
255 255 255
255 255 255
255 255 255
240 216 216
204 0 0
229 192 192
255 255 255
255 255 255
255 255 255
255 255 255
255 255 255
255 255 255
255 255 255
255 255 255
255 255 255
255 255 255
255 255 255
216 137 137
204 17 17
253 251 251
255 255 255
255 255 255
255 255 255
216 133 133
246 235 235
247 236 236
213 126 126
204 0 0
204 0 0
204 0 0
204 0 0
206 56 56
228 177 177
251 246 246
238 209 209
255 255 255
255 255 255
255 255 255
252 251 251
203 0 0
218 147 147
255 255 255
255 255 255
255 255 255
255 255 255
255 255 255
255 255 255
255 255 255
255 255 255
255 255 255
255 255 255
255 255 255
205 74 74
215 124 124
255 255 255
255 255 255
255 255 255
255 255 255
204 0 0
204 3 3
227 175 175
252 249 249
235 202 202
204 63 63
205 50 50
228 177 177
251 246 246
235 215 215
210 113 113
204 0 0
255 255 255
255 255 255
255 255 255
255 255 255
212 117 117
209 104 104
255 255 255
255 255 255
255 255 255
255 255 255
255 255 255
255 255 255
255 255 255
255 255 255
255 255 255
255 255 255
255 255 255
204 0 0
211 128 128
255 255 255
255 255 255
255 255 255
255 255 255
204 0 0
204 0 0
204 0 0
208 80 80
237 210 210
251 245 245
247 241 241
243 225 225
214 127 127
204 0 0
204 0 0
204 0 0
255 255 255
255 255 255
255 255 255
255 255 255
215 125 125
204 0 0
255 255 255
255 255 255
255 255 255
255 255 255
255 255 255
255 255 255
255 255 255
255 255 255
255 255 255
255 255 255
255 255 255
204 0 0
211 128 128
255 255 255
255 255 255
255 255 255
255 255 255
204 0 0
204 0 0
204 0 0
204 0 0
204 0 0
238 210 210
238 210 210
204 0 0
204 0 0
204 0 0
204 0 0
204 0 0
255 255 255
255 255 255
255 255 255
255 255 255
214 125 125
204 0 0
255 255 255
255 255 255
255 255 255
255 255 255
255 255 255
255 255 255
255 255 255
255 255 255
255 255 255
255 255 255
255 255 255
207 88 88
215 124 124
255 255 255
255 255 255
255 255 255
255 255 255
204 0 0
204 0 0
204 0 0
204 0 0
204 0 0
237 204 204
236 203 203
204 0 0
204 0 0
204 0 0
204 0 0
204 0 0
255 255 255
255 255 255
255 255 255
255 255 255
215 121 121
207 90 90
255 255 255
255 255 255
255 255 255
255 255 255
255 255 255
255 255 255
255 255 255
255 255 255
255 255 255
255 255 255
255 255 255
216 138 138
201 18 18
252 252 252
255 255 255
255 255 255
255 255 255
204 0 0
204 0 0
204 0 0
204 0 0
204 0 0
237 204 204
236 203 203
204 0 0
204 0 0
204 0 0
204 0 0
204 0 0
255 255 255
255 255 255
255 255 255
252 251 251
203 1 1
217 141 141
255 255 255
255 255 255
255 255 255
255 255 255
255 255 255
255 255 255
255 255 255
255 255 255
255 255 255
255 255 255
255 255 255
230 188 188
204 0 0
240 218 218
255 255 255
255 255 255
255 255 255
218 140 140
204 0 0
204 0 0
204 0 0
204 0 0
237 204 204
236 203 203
204 0 0
204 0 0
204 0 0
204 0 0
204 0 0
255 255 255
255 255 255
255 255 255
238 214 214
204 0 0
232 190 190
255 255 255
255 255 255
255 255 255
255 255 255
255 255 255
255 255 255
255 255 255
255 255 255
255 255 255
255 255 255
255 255 255
247 238 238
204 0 0
214 136 136
255 255 255
255 255 255
255 255 255
255 255 255
236 209 209
208 80 80
204 0 0
204 0 0
237 204 204
236 203 203
204 0 0
204 0 0
204 0 0
214 144 144
248 236 236
255 255 255
255 255 255
255 255 255
218 135 135
204 0 0
249 241 241
255 255 255
255 255 255
255 255 255
255 255 255
255 255 255
255 255 255
255 255 255
255 255 255
255 255 255
255 255 255
255 255 255
255 255 255
216 150 150
204 0 0
241 220 220
255 255 255
255 255 255
255 255 255
255 255 255
252 249 249
226 176 176
203 2 2
237 204 204
236 203 203
204 0 0
216 134 134
244 226 226
255 255 255
255 255 255
255 255 255
255 255 255
239 217 217
204 0 0
224 162 162
255 255 255
255 255 255
255 255 255
255 255 255
255 255 255
255 255 255
255 255 255
255 255 255
255 255 255
255 255 255
255 255 255
255 255 255
255 255 255
248 236 236
206 55 55
210 94 94
249 241 241
255 255 255
255 255 255
255 255 255
255 255 255
255 255 255
247 235 235
244 226 226
244 226 226
244 226 226
255 255 255
255 255 255
255 255 255
255 255 255
255 255 255
255 255 255
208 85 85
206 56 56
248 242 242
255 255 255
255 255 255
255 255 255
255 255 255
255 255 255
255 255 255
255 255 255
255 255 255
255 255 255
255 255 255
255 255 255
255 255 255
255 255 255
255 255 255
233 199 199
204 0 0
208 98 98
249 241 241
255 255 255
255 255 255
255 255 255
255 255 255
255 255 255
255 255 255
255 255 255
255 255 255
255 255 255
255 255 255
255 255 255
255 255 255
255 255 255
255 255 255
223 161 161
239 215 215
255 255 255
255 255 255
255 255 255
255 255 255
255 255 255
255 255 255
255 255 255
255 255 255
255 255 255
255 255 255
255 255 255
255 255 255
255 255 255
255 255 255
255 255 255
255 255 255
221 170 170
204 0 0
210 94 94
241 220 220
255 255 255
255 255 255
255 255 255
255 255 255
255 255 255
255 255 255
255 255 255
255 255 255
255 255 255
255 255 255
239 217 217
227 177 177
255 255 255
255 255 255
255 255 255
255 255 255
255 255 255
255 255 255
255 255 255
255 255 255
255 255 255
255 255 255
255 255 255
255 255 255
255 255 255
255 255 255
255 255 255
255 255 255
255 255 255
255 255 255
255 255 255
255 255 255
232 201 201
206 56 56
204 0 0
213 139 139
241 219 219
252 252 252
255 255 255
255 255 255
255 255 255
255 255 255
253 253 253
240 218 218
218 134 134
204 0 0
206 56 56
250 250 250
255 255 255
255 255 255
255 255 255
255 255 255
255 255 255
255 255 255
255 255 255
255 255 255
255 255 255
255 255 255
255 255 255
255 255 255
255 255 255
255 255 255
255 255 255
255 255 255
255 255 255
255 255 255
255 255 255
255 255 255
246 236 236
221 157 157
204 0 0
204 0 0
202 25 25
215 124 124
216 147 147
217 154 154
215 124 124
206 55 55
204 0 0
204 0 0
223 160 160
248 240 240
255 255 255
255 255 255
255 255 255
255 255 255
255 255 255
255 255 255
255 255 255
255 255 255
255 255 255
255 255 255
255 255 255
255 255 255
255 255 255
255 255 255
255 255 255
255 255 255
255 255 255
255 255 255
255 255 255
255 255 255
255 255 255
255 255 255
255 255 255
249 240 240
231 189 189
216 140 140
208 95 95
204 0 0
204 0 0
205 73 73
217 137 137
230 188 188
249 240 240
255 255 255
255 255 255
255 255 255
255 255 255
255 255 255
255 255 255
255 255 255
255 255 255
255 255 255
255 255 255
255 255 255
255 255 255
