255 255 255
255 255 255
255 255 255
255 255 255
255 255 255
255 255 255
255 255 255
255 255 255
255 255 255
255 255 255
255 255 255
255 255 255
250 251 251
210 219 211
160 185 164
120 161 128
22 127 57
0 126 51
29 128 59
121 161 128
162 185 166
215 224 216
251 252 251
255 255 255
255 255 255
255 255 255
255 255 255
255 255 255
255 255 255
255 255 255
255 255 255
255 255 255
255 255 255
255 255 255
255 255 255
255 255 255
255 255 255
255 255 255
255 255 255
255 255 255
255 255 255
255 255 255
255 255 255
255 255 255
255 255 255
251 251 251
184 200 186
62 135 79
0 126 51
0 126 51
80 142 93
124 163 131
124 163 131
124 163 131
57 133 76
0 126 51
0 126 51
80 142 93
195 209 198
251 252 251
255 255 255
255 255 255
255 255 255
255 255 255
255 255 255
255 255 255
255 255 255
255 255 255
255 255 255
255 255 255
255 255 255
255 255 255
255 255 255
255 255 255
255 255 255
255 255 255
255 255 255
255 255 255
255 255 255
231 236 232
100 150 110
0 126 51
79 142 93
183 200 186
234 238 235
255 255 255
255 255 255
255 255 255
255 255 255
255 255 255
231 236 232
179 198 182
66 136 82
0 126 51
113 156 121
237 240 238
255 255 255
255 255 255
255 255 255
255 255 255
255 255 255
255 255 255
255 255 255
255 255 255
255 255 255
255 255 255
255 255 255
255 255 255
255 255 255
255 255 255
255 255 255
255 255 255
255 255 255
226 232 227
56 134 75
0 126 51
174 193 177
250 251 250
255 255 255
255 255 255
255 255 255
255 255 255
255 255 255
255 255 255
255 255 255
255 255 255
255 255 255
247 248 247
168 190 172
0 126 51
56 134 75
226 232 227
255 255 255
255 255 255
255 255 255
255 255 255
255 255 255
255 255 255
255 255 255
255 255 255
255 255 255
255 255 255
255 255 255
255 255 255
255 255 255
255 255 255
255 255 255
235 239 236
56 134 75
42 130 66
209 218 211
255 255 255
255 255 255
255 255 255
255 255 255
255 255 255
255 255 255
255 255 255
255 255 255
255 255 255
255 255 255
255 255 255
255 255 255
255 255 255
204 215 206
9 126 53
56 134 75
238 241 238
255 255 255
255 255 255
255 255 255
255 255 255
255 255 255
255 255 255
255 255 255
255 255 255
255 255 255
255 255 255
255 255 255
255 255 255
255 255 255
251 251 251
111 156 120
0 126 51
207 216 208
255 255 255
255 255 255
255 255 255
255 255 255
255 255 255
255 255 255
239 241 240
211 221 213
255 255 255
255 255 255
255 255 255
255 255 255
255 255 255
255 255 255
255 255 255
203 215 205
0 126 51
113 156 121
251 251 251
255 255 255
255 255 255
255 255 255
255 255 255
255 255 255
255 255 255
255 255 255
255 255 255
255 255 255
255 255 255
255 255 255
255 255 255
193 207 196
0 126 51
169 191 172
255 255 255
255 255 255
255 255 255
255 255 255
255 255 255
244 246 244
169 191 173
32 128 61
0 126 51
116 158 124
227 233 228
255 255 255
255 255 255
255 255 255
255 255 255
255 255 255
255 255 255
167 189 171
0 126 51
197 211 200
255 255 255
255 255 255
255 255 255
255 255 255
255 255 255
255 255 255
255 255 255
255 255 255
255 255 255
255 255 255
255 255 255
251 252 251
75 140 89
64 135 80
247 248 247
255 255 255
255 255 255
255 255 255
246 248 246
177 197 180
55 134 75
0 126 51
0 126 51
0 126 51
0 126 51
0 126 51
164 188 168
246 248 246
255 255 255
255 255 255
255 255 255
255 255 255
247 248 247
70 138 86
79 141 92
252 252 252
255 255 255
255 255 255
255 255 255
255 255 255
255 255 255
255 255 255
255 255 255
255 255 255
255 255 255
255 255 255
212 221 214
0 126 51
178 197 181
255 255 255
255 255 255
255 255 255
254 254 254
161 185 165
0 126 51
0 126 51
0 126 51
0 126 51
0 126 51
0 126 51
0 126 51
0 126 51
61 134 79
197 210 199
254 254 254
255 255 255
255 255 255
255 255 255
180 198 183
0 126 51
216 224 217
255 255 255
255 255 255
255 255 255
255 255 255
255 255 255
255 255 255
255 255 255
255 255 255
255 255 255
255 255 255
159 184 164
0 126 51
231 235 231
255 255 255
255 255 255
255 255 255
206 216 207
250 251 251
216 224 218
92 147 103
0 126 51
0 126 51
0 126 51
0 126 51
0 126 51
0 126 51
134 170 141
226 232 227
250 251 250
255 255 255
255 255 255
255 255 255
227 233 228
0 126 51
172 192 175
255 255 255
255 255 255
255 255 255
255 255 255
255 255 255
255 255 255
255 255 255
255 255 255
255 255 255
255 255 255
113 157 121
48 132 70
255 255 255
255 255 255
255 255 255
255 255 255
124 163 131
85 144 97
210 220 212
250 251 251
174 194 177
0 126 51
0 126 51
0 126 51
128 165 135
224 231 225
246 248 246
177 196 180
134 169 140
255 255 255
255 255 255
255 255 255
255 255 255
13 125 53
124 163 131
255 255 255
255 255 255
255 255 255
255 255 255
255 255 255
255 255 255
255 255 255
255 255 255
255 255 255
255 255 255
0 126 51
123 163 130
255 255 255
255 255 255
255 255 255
255 255 255
124 163 131
0 126 51
0 126 51
139 171 144
236 240 237
231 236 232
151 179 156
215 223 217
246 248 247
177 195 180
56 133 75
0 126 51
124 163 131
255 255 255
255 255 255
255 255 255
255 255 255
123 162 130
48 130 70
255 255 255
255 255 255
255 255 255
255 255 255
255 255 255
255 255 255
255 255 255
255 255 255
255 255 255
255 255 255
0 126 51
124 163 131
255 255 255
255 255 255
255 255 255
255 255 255
124 163 131
0 126 51
0 126 51
0 126 51
39 130 65
183 200 186
255 255 255
196 208 198
61 135 79
0 126 51
0 126 51
0 126 51
124 163 131
255 255 255
255 255 255
255 255 255
255 255 255
124 163 131
0 126 51
255 255 255
255 255 255
255 255 255
255 255 255
255 255 255
255 255 255
255 255 255
255 255 255
255 255 255
255 255 255
5 125 52
124 163 131
255 255 255
255 255 255
255 255 255
255 255 255
124 163 131
0 126 51
0 126 51
0 126 51
0 126 51
0 125 48
255 255 255
125 164 132
0 126 51
0 126 51
0 126 51
0 126 51
124 163 131
255 255 255
255 255 255
255 255 255
255 255 255
123 163 130
20 127 56
255 255 255
255 255 255
255 255 255
255 255 255
255 255 255
255 255 255
255 255 255
255 255 255
255 255 255
255 255 255
119 160 127
57 135 76
255 255 255
255 255 255
255 255 255
255 255 255
124 163 131
0 126 51
0 126 51
0 126 51
0 126 51
0 125 48
255 255 255
125 164 132
0 126 51
0 126 51
0 126 51
0 126 51
124 163 131
255 255 255
255 255 255
255 255 255
255 255 255
26 127 58
120 161 128
255 255 255
255 255 255
255 255 255
255 255 255
255 255 255
255 255 255
255 255 255
255 255 255
255 255 255
255 255 255
160 185 164
0 126 51
232 236 233
255 255 255
255 255 255
255 255 255
124 163 131
0 126 51
0 126 51
0 126 51
0 126 51
0 125 48
255 255 255
125 164 132
0 126 51
0 126 51
0 126 51
0 126 51
124 163 131
255 255 255
255 255 255
255 255 255
227 232 228
0 126 51
160 185 165
255 255 255
255 255 255
255 255 255
255 255 255
255 255 255
255 255 255
255 255 255
255 255 255
255 255 255
255 255 255
212 221 213
0 126 51
181 198 184
255 255 255
255 255 255
255 255 255
228 233 229
112 157 121
0 126 51
0 126 51
0 126 51
0 125 48
255 255 255
125 164 132
0 126 51
0 126 51
0 126 51
0 126 51
168 189 171
255 255 255
255 255 255
255 255 255
175 195 178
0 126 51
214 224 216
255 255 255
255 255 255
255 255 255
255 255 255
255 255 255
255 255 255
255 255 255
255 255 255
255 255 255
255 255 255
251 251 251
67 136 83
78 142 92
249 250 249
255 255 255
255 255 255
255 255 255
253 253 253
193 208 196
56 134 75
0 126 51
0 125 48
255 255 255
125 164 132
0 126 51
0 126 51
134 169 141
226 232 227
255 255 255
255 255 255
255 255 255
246 248 246
57 134 76
81 143 94
251 252 251
255 255 255
255 255 255
255 255 255
255 255 255
255 255 255
255 255 255
255 255 255
255 255 255
255 255 255
255 255 255
255 255 255
186 201 188
0 126 51
169 191 173
255 255 255
255 255 255
255 255 255
255 255 255
255 255 255
243 245 243
157 182 161
0 125 48
255 255 255
125 164 132
132 168 139
225 231 226
255 255 255
255 255 255
255 255 255
255 255 255
255 255 255
165 188 169
0 126 51
197 211 200
255 255 255
255 255 255
255 255 255
255 255 255
255 255 255
255 255 255
255 255 255
255 255 255
255 255 255
255 255 255
255 255 255
255 255 255
251 252 251
100 150 110
0 126 51
204 215 206
255 255 255
255 255 255
255 255 255
255 255 255
255 255 255
255 255 255
226 232 227
255 255 255
236 240 237
255 255 255
255 255 255
255 255 255
255 255 255
255 255 255
255 255 255
236 240 237
0 126 51
116 158 124
254 254 254
255 255 255
255 255 255
255 255 255
255 255 255
255 255 255
255 255 255
255 255 255
255 255 255
255 255 255
255 255 255
255 255 255
255 255 255
255 255 255
230 235 230
56 134 75
15 126 54
204 215 206
255 255 255
255 255 255
255 255 255
255 255 255
255 255 255
255 255 255
255 255 255
255 255 255
255 255 255
255 255 255
255 255 255
255 255 255
255 255 255
255 255 255
251 251 251
184 201 186
241 244 242
255 255 255
255 255 255
255 255 255
255 255 255
255 255 255
255 255 255
255 255 255
255 255 255
255 255 255
255 255 255
255 255 255
255 255 255
255 255 255
255 255 255
255 255 255
226 232 227
56 134 75
0 126 51
171 190 174
250 251 250
255 255 255
255 255 255
255 255 255
255 255 255
255 255 255
255 255 255
255 255 255
255 255 255
255 255 255
246 248 246
167 189 171
181 199 184
255 255 255
255 255 255
255 255 255
255 255 255
255 255 255
255 255 255
255 255 255
255 255 255
255 255 255
255 255 255
255 255 255
255 255 255
255 255 255
255 255 255
255 255 255
255 255 255
255 255 255
255 255 255
255 255 255
230 235 231
102 151 111
0 126 51
79 142 93
184 201 187
234 238 235
255 255 255
255 255 255
255 255 255
255 255 255
255 255 255
234 237 235
178 197 182
64 135 81
0 126 51
149 177 154
255 255 255
255 255 255
255 255 255
255 255 255
255 255 255
255 255 255
255 255 255
255 255 255
255 255 255
255 255 255
255 255 255
255 255 255
255 255 255
255 255 255
255 255 255
255 255 255
255 255 255
255 255 255
255 255 255
255 255 255
251 251 251
191 205 193
73 139 87
0 126 51
0 126 51
57 133 75
124 163 131
124 163 131
124 163 131
76 140 90
0 126 51
0 126 51
77 141 91
194 208 197
251 252 251
255 255 255
255 255 255
255 255 255
255 255 255
255 255 255
255 255 255
255 255 255
255 255 255
255 255 255
255 255 255
255 255 255
255 255 255
255 255 255
255 255 255
255 255 255
255 255 255
255 255 255
255 255 255
255 255 255
255 255 255
255 255 255
255 255 255
251 251 251
213 223 215
160 184 164
122 162 129
37 128 63
0 126 51
0 126 50
113 157 121
158 184 163
213 222 215
251 251 251
255 255 255
255 255 255
255 255 255
255 255 255
255 255 255
255 255 255
255 255 255
255 255 255
255 255 255
255 255 255
255 255 255
255 255 255
