255 255 255
255 255 255
255 255 255
255 255 255
255 255 255
255 255 255
255 255 255
255 255 255
255 255 255
255 255 255
255 255 255
255 255 255
253 250 250
236 210 210
222 160 160
214 120 120
203 22 22
204 0 0
203 29 29
214 121 121
221 162 162
240 215 215
253 251 251
255 255 255
255 255 255
255 255 255
255 255 255
255 255 255
255 255 255
255 255 255
255 255 255
255 255 255
255 255 255
255 255 255
255 255 255
255 255 255
255 255 255
255 255 255
255 255 255
255 255 255
255 255 255
255 255 255
255 255 255
255 255 255
255 255 255
253 251 251
226 184 184
206 62 62
204 0 0
204 0 0
209 80 80
215 124 124
215 124 124
215 124 124
203 57 57
204 0 0
204 0 0
209 80 80
233 195 195
253 251 251
255 255 255
255 255 255
255 255 255
255 255 255
255 255 255
255 255 255
255 255 255
255 255 255
255 255 255
255 255 255
255 255 255
255 255 255
255 255 255
255 255 255
255 255 255
255 255 255
255 255 255
255 255 255
255 255 255
244 231 231
210 100 100
204 0 0
209 79 79
228 183 183
244 234 234
255 255 255
255 255 255
255 255 255
255 255 255
255 255 255
244 231 231
228 179 179
205 66 66
204 0 0
211 113 113
246 237 237
255 255 255
255 255 255
255 255 255
255 255 255
255 255 255
255 255 255
255 255 255
255 255 255
255 255 255
255 255 255
255 255 255
255 255 255
255 255 255
255 255 255
255 255 255
255 255 255
255 255 255
244 226 226
206 56 56
204 0 0
224 174 174
253 250 250
255 255 255
255 255 255
255 255 255
255 255 255
255 255 255
255 255 255
255 255 255
255 255 255
255 255 255
250 247 247
224 168 168
204 0 0
206 56 56
244 226 226
255 255 255
255 255 255
255 255 255
255 255 255
255 255 255
255 255 255
255 255 255
255 255 255
255 255 255
255 255 255
255 255 255
255 255 255
255 255 255
255 255 255
255 255 255
245 235 235
206 56 56
204 42 42
234 209 209
255 255 255
255 255 255
255 255 255
255 255 255
255 255 255
255 255 255
255 255 255
255 255 255
255 255 255
255 255 255
255 255 255
255 255 255
255 255 255
234 204 204
203 9 9
206 56 56
246 238 238
255 255 255
255 255 255
255 255 255
255 255 255
255 255 255
255 255 255
255 255 255
255 255 255
255 255 255
255 255 255
255 255 255
255 255 255
255 255 255
253 251 251
213 111 111
204 0 0
233 207 207
255 255 255
255 255 255
255 255 255
255 255 255
255 255 255
255 255 255
245 239 239
237 211 211
255 255 255
255 255 255
255 255 255
255 255 255
255 255 255
255 255 255
255 255 255
235 203 203
204 0 0
211 113 113
252 251 251
255 255 255
255 255 255
255 255 255
255 255 255
255 255 255
255 255 255
255 255 255
255 255 255
255 255 255
255 255 255
255 255 255
255 255 255
231 193 193
204 0 0
224 169 169
255 255 255
255 255 255
255 255 255
255 255 255
255 255 255
249 244 244
224 169 169
203 32 32
204 0 0
212 116 116
243 227 227
255 255 255
255 255 255
255 255 255
255 255 255
255 255 255
255 255 255
223 167 167
204 0 0
234 197 197
255 255 255
255 255 255
255 255 255
255 255 255
255 255 255
255 255 255
255 255 255
255 255 255
255 255 255
255 255 255
255 255 255
253 251 251
207 75 75
205 64 64
250 247 247
255 255 255
255 255 255
255 255 255
251 246 246
228 177 177
206 55 55
204 0 0
204 0 0
204 0 0
204 0 0
204 0 0
223 164 164
251 246 246
255 255 255
255 255 255
255 255 255
255 255 255
250 247 247
206 70 70
208 79 79
252 252 252
255 255 255
255 255 255
255 255 255
255 255 255
255 255 255
255 255 255
255 255 255
255 255 255
255 255 255
255 255 255
238 212 212
204 0 0
228 178 178
255 255 255
255 255 255
255 255 255
253 254 254
222 161 161
204 0 0
204 0 0
204 0 0
204 0 0
204 0 0
204 0 0
204 0 0
204 0 0
204 61 61
233 197 197
254 254 254
255 255 255
255 255 255
255 255 255
228 180 180
204 0 0
238 216 216
255 255 255
255 255 255
255 255 255
255 255 255
255 255 255
255 255 255
255 255 255
255 255 255
255 255 255
255 255 255
223 159 159
204 0 0
243 231 231
255 255 255
255 255 255
255 255 255
235 206 206
253 250 250
239 216 216
209 92 92
204 0 0
204 0 0
204 0 0
204 0 0
204 0 0
204 0 0
218 134 134
243 226 226
252 250 250
255 255 255
255 255 255
255 255 255
242 227 227
204 0 0
225 172 172
255 255 255
255 255 255
255 255 255
255 255 255
255 255 255
255 255 255
255 255 255
255 255 255
255 255 255
255 255 255
212 113 113
204 48 48
255 255 255
255 255 255
255 255 255
255 255 255
215 124 124
208 85 85
237 210 210
253 250 250
225 174 174
204 0 0
204 0 0
204 0 0
215 128 128
243 224 224
251 246 246
228 177 177
216 134 134
255 255 255
255 255 255
255 255 255
255 255 255
202 13 13
215 124 124
255 255 255
255 255 255
255 255 255
255 255 255
255 255 255
255 255 255
255 255 255
255 255 255
255 255 255
255 255 255
204 0 0
215 123 123
255 255 255
255 255 255
255 255 255
255 255 255
215 124 124
204 0 0
204 0 0
216 139 139
248 236 236
245 231 231
220 151 151
236 215 215
250 246 246
224 177 177
205 56 56
204 0 0
215 124 124
255 255 255
255 255 255
255 255 255
255 255 255
215 123 123
202 48 48
255 255 255
255 255 255
255 255 255
255 255 255
255 255 255
255 255 255
255 255 255
255 255 255
255 255 255
255 255 255
204 0 0
215 124 124
255 255 255
255 255 255
255 255 255
255 255 255
215 124 124
204 0 0
204 0 0
204 0 0
203 39 39
228 183 183
255 255 255
230 196 196
206 61 61
204 0 0
204 0 0
204 0 0
215 124 124
255 255 255
255 255 255
255 255 255
255 255 255
215 124 124
204 0 0
255 255 255
255 255 255
255 255 255
255 255 255
255 255 255
255 255 255
255 255 255
255 255 255
255 255 255
255 255 255
202 5 5
215 124 124
255 255 255
255 255 255
255 255 255
255 255 255
215 124 124
204 0 0
204 0 0
204 0 0
204 0 0
204 0 0
255 255 255
216 125 125
204 0 0
204 0 0
204 0 0
204 0 0
215 124 124
255 255 255
255 255 255
255 255 255
255 255 255
215 123 123
203 20 20
255 255 255
255 255 255
255 255 255
255 255 255
255 255 255
255 255 255
255 255 255
255 255 255
255 255 255
255 255 255
213 119 119
206 57 57
255 255 255
255 255 255
255 255 255
255 255 255
215 124 124
204 0 0
204 0 0
204 0 0
204 0 0
204 0 0
255 255 255
216 125 125
204 0 0
204 0 0
204 0 0
204 0 0
215 124 124
255 255 255
255 255 255
255 255 255
255 255 255
201 26 26
214 120 120
255 255 255
255 255 255
255 255 255
255 255 255
255 255 255
255 255 255
255 255 255
255 255 255
255 255 255
255 255 255
223 160 160
204 0 0
244 232 232
255 255 255
255 255 255
255 255 255
215 124 124
204 0 0
204 0 0
204 0 0
204 0 0
204 0 0
255 255 255
216 125 125
204 0 0
204 0 0
204 0 0
204 0 0
215 124 124
255 255 255
255 255 255
255 255 255
242 227 227
204 0 0
222 160 160
255 255 255
255 255 255
255 255 255
255 255 255
255 255 255
255 255 255
255 255 255
255 255 255
255 255 255
255 255 255
238 212 212
204 0 0
227 181 181
255 255 255
255 255 255
255 255 255
243 228 228
213 112 112
204 0 0
204 0 0
204 0 0
204 0 0
255 255 255
216 125 125
204 0 0
204 0 0
204 0 0
204 0 0
223 168 168
255 255 255
255 255 255
255 255 255
227 175 175
204 0 0
240 214 214
255 255 255
255 255 255
255 255 255
255 255 255
255 255 255
255 255 255
255 255 255
255 255 255
255 255 255
255 255 255
253 251 251
205 67 67
208 78 78
252 249 249
255 255 255
255 255 255
255 255 255
254 253 253
231 193 193
206 56 56
204 0 0
204 0 0
255 255 255
216 125 125
204 0 0
204 0 0
218 134 134
244 226 226
255 255 255
255 255 255
255 255 255
251 246 246
205 57 57
209 81 81
253 251 251
255 255 255
255 255 255
255 255 255
255 255 255
255 255 255
255 255 255
255 255 255
255 255 255
255 255 255
255 255 255
255 255 255
227 186 186
204 0 0
225 169 169
255 255 255
255 255 255
255 255 255
255 255 255
255 255 255
249 243 243
222 157 157
204 0 0
255 255 255
216 125 125
217 132 132
243 225 225
255 255 255
255 255 255
255 255 255
255 255 255
255 255 255
223 165 165
204 0 0
233 197 197
255 255 255
255 255 255
255 255 255
255 255 255
255 255 255
255 255 255
255 255 255
255 255 255
255 255 255
255 255 255
255 255 255
255 255 255
253 251 251
209 100 100
204 0 0
234 204 204
255 255 255
255 255 255
255 255 255
255 255 255
255 255 255
255 255 255
244 226 226
255 255 255
248 236 236
255 255 255
255 255 255
255 255 255
255 255 255
255 255 255
255 255 255
248 236 236
204 0 0
211 116 116
254 254 254
255 255 255
255 255 255
255 255 255
255 255 255
255 255 255
255 255 255
255 255 255
255 255 255
255 255 255
255 255 255
255 255 255
255 255 255
255 255 255
244 230 230
206 56 56
203 15 15
234 204 204
255 255 255
255 255 255
255 255 255
255 255 255
255 255 255
255 255 255
255 255 255
255 255 255
255 255 255
255 255 255
255 255 255
255 255 255
255 255 255
255 255 255
253 251 251
230 184 184
250 241 241
255 255 255
255 255 255
255 255 255
255 255 255
255 255 255
255 255 255
255 255 255
255 255 255
255 255 255
255 255 255
255 255 255
255 255 255
255 255 255
255 255 255
255 255 255
244 226 226
206 56 56
204 0 0
222 171 171
253 250 250
255 255 255
255 255 255
255 255 255
255 255 255
255 255 255
255 255 255
255 255 255
255 255 255
255 255 255
251 246 246
223 167 167
228 181 181
255 255 255
255 255 255
255 255 255
255 255 255
255 255 255
255 255 255
255 255 255
255 255 255
255 255 255
255 255 255
255 255 255
255 255 255
255 255 255
255 255 255
255 255 255
255 255 255
255 255 255
255 255 255
255 255 255
243 230 230
210 102 102
204 0 0
209 79 79
229 184 184
246 234 234
255 255 255
255 255 255
255 255 255
255 255 255
255 255 255
244 234 234
226 178 178
204 64 64
204 0 0
220 149 149
255 255 255
255 255 255
255 255 255
255 255 255
255 255 255
255 255 255
255 255 255
255 255 255
255 255 255
255 255 255
255 255 255
255 255 255
255 255 255
255 255 255
255 255 255
255 255 255
255 255 255
255 255 255
255 255 255
255 255 255
253 251 251
229 191 191
206 73 73
204 0 0
204 0 0
203 57 57
215 124 124
215 124 124
215 124 124
207 76 76
204 0 0
204 0 0
207 77 77
232 194 194
253 251 251
255 255 255
255 255 255
255 255 255
255 255 255
255 255 255
255 255 255
255 255 255
255 255 255
255 255 255
255 255 255
255 255 255
255 255 255
255 255 255
255 255 255
255 255 255
255 255 255
255 255 255
255 255 255
255 255 255
255 255 255
255 255 255
255 255 255
253 251 251
239 213 213
221 160 160
215 122 122
202 37 37
204 0 0
204 0 0
212 113 113
223 158 158
239 213 213
253 251 251
255 255 255
255 255 255
255 255 255
255 255 255
255 255 255
255 255 255
255 255 255
255 255 255
255 255 255
255 255 255
255 255 255
255 255 255
