33 33 33
33 33 33
33 33 33
33 33 33
33 33 33
33 33 33
33 33 33
33 33 33
33 33 33
33 33 33
33 33 33
33 33 33
61 61 61
156 156 156
210 210 210
233 233 233
238 238 238
232 232 232
238 238 238
233 233 233
210 210 210
156 156 156
61 61 61
33 33 33
33 33 33
33 33 33
33 33 33
33 33 33
33 33 33
33 33 33
33 33 33
33 33 33
33 33 33
33 33 33
33 33 33
33 33 33
33 33 33
33 33 33
33 33 33
33 33 33
33 33 33
33 33 33
33 33 33
33 33 33
33 33 33
58 58 58
178 178 178
237 237 237
197 197 197
137 137 137
49 49 49
33 33 33
33 33 33
33 33 33
49 49 49
139 139 139
197 197 197
237 237 237
178 178 178
58 58 58
33 33 33
33 33 33
33 33 33
33 33 33
33 33 33
33 33 33
33 33 33
33 33 33
33 33 33
33 33 33
33 33 33
33 33 33
33 33 33
33 33 33
33 33 33
33 33 33
33 33 33
33 33 33
33 33 33
105 105 105
232 232 232
189 189 189
66 66 66
33 33 33
33 33 33
33 33 33
33 33 33
33 33 33
33 33 33
33 33 33
33 33 33
33 33 33
66 66 66
189 189 189
232 232 232
105 105 105
33 33 33
33 33 33
33 33 33
33 33 33
33 33 33
33 33 33
33 33 33
33 33 33
33 33 33
33 33 33
33 33 33
33 33 33
33 33 33
33 33 33
33 33 33
33 33 33
33 33 33
137 137 137
236 236 236
131 131 131
33 33 33
33 33 33
33 33 33
33 33 33
33 33 33
33 33 33
33 33 33
33 33 33
33 33 33
33 33 33
33 33 33
33 33 33
33 33 33
130 130 130
236 236 236
137 137 137
33 33 33
33 33 33
33 33 33
33 33 33
33 33 33
33 33 33
33 33 33
33 33 33
33 33 33
33 33 33
33 33 33
33 33 33
33 33 33
33 33 33
33 33 33
105 105 105
236 236 236
103 103 103
33 33 33
33 33 33
33 33 33
33 33 33
33 33 33
33 33 33
33 33 33
33 33 33
33 33 33
33 33 33
33 33 33
33 33 33
33 33 33
33 33 33
33 33 33
103 103 103
236 236 236
105 105 105
33 33 33
33 33 33
33 33 33
33 33 33
33 33 33
33 33 33
33 33 33
33 33 33
33 33 33
33 33 33
33 33 33
33 33 33
33 33 33
58 58 58
232 232 232
131 131 131
33 33 33
33 33 33
33 33 33
33 33 33
33 33 33
33 33 33
33 33 33
33 33 33
33 33 33
33 33 33
33 33 33
33 33 33
33 33 33
33 33 33
33 33 33
33 33 33
33 33 33
130 130 130
232 232 232
58 58 58
33 33 33
33 33 33
33 33 33
33 33 33
33 33 33
33 33 33
33 33 33
33 33 33
33 33 33
33 33 33
33 33 33
33 33 33
178 178 178
189 189 189
33 33 33
33 33 33
33 33 33
33 33 33
33 33 33
33 33 33
68 68 68
179 179 179
232 232 232
214 214 214
181 181 181
128 128 128
33 33 33
33 33 33
33 33 33
33 33 33
33 33 33
33 33 33
33 33 33
189 189 189
178 178 178
33 33 33
33 33 33
33 33 33
33 33 33
33 33 33
33 33 33
33 33 33
33 33 33
33 33 33
33 33 33
33 33 33
61 61 61
237 237 237
66 66 66
33 33 33
33 33 33
33 33 33
33 33 33
89 89 89
198 198 198
232 232 232
175 175 175
66 66 66
106 106 106
166 166 166
208 208 208
232 232 232
224 224 224
192 192 192
142 142 142
33 33 33
33 33 33
33 33 33
66 66 66
237 237 237
61 61 61
33 33 33
33 33 33
33 33 33
33 33 33
33 33 33
33 33 33
33 33 33
33 33 33
33 33 33
33 33 33
156 156 156
197 197 197
33 33 33
33 33 33
33 33 33
33 33 33
210 210 210
246 246 246
181 181 181
33 33 33
33 33 33
33 33 33
33 33 33
33 33 33
33 33 33
43 43 43
178 178 178
250 250 250
255 255 255
33 33 33
33 33 33
33 33 33
33 33 33
197 197 197
156 156 156
33 33 33
33 33 33
33 33 33
33 33 33
33 33 33
33 33 33
33 33 33
33 33 33
33 33 33
33 33 33
210 210 210
137 137 137
33 33 33
33 33 33
33 33 33
33 33 33
241 241 241
187 187 187
222 222 222
233 233 233
209 209 209
164 164 164
111 111 111
66 66 66
178 178 178
242 242 242
255 255 255
255 255 255
255 255 255
33 33 33
33 33 33
33 33 33
33 33 33
139 139 139
210 210 210
33 33 33
33 33 33
33 33 33
33 33 33
33 33 33
33 33 33
33 33 33
33 33 33
33 33 33
33 33 33
233 233 233
49 49 49
33 33 33
33 33 33
33 33 33
33 33 33
232 232 232
33 33 33
33 33 33
33 33 33
131 131 131
179 179 179
216 216 216
255 255 255
255 255 255
255 255 255
255 255 255
255 255 255
255 255 255
33 33 33
33 33 33
33 33 33
33 33 33
49 49 49
233 233 233
33 33 33
33 33 33
33 33 33
33 33 33
33 33 33
33 33 33
33 33 33
33 33 33
33 33 33
33 33 33
238 238 238
33 33 33
33 33 33
33 33 33
33 33 33
33 33 33
232 232 232
33 33 33
33 33 33
33 33 33
33 33 33
33 33 33
33 33 33
255 255 255
255 255 255
255 255 255
255 255 255
255 255 255
255 255 255
33 33 33
33 33 33
33 33 33
33 33 33
33 33 33
238 238 238
33 33 33
33 33 33
33 33 33
33 33 33
33 33 33
33 33 33
33 33 33
33 33 33
33 33 33
33 33 33
232 232 232
33 33 33
33 33 33
33 33 33
33 33 33
33 33 33
156 156 156
33 33 33
33 33 33
33 33 33
33 33 33
33 33 33
33 33 33
255 255 255
255 255 255
255 255 255
255 255 255
255 255 255
255 255 255
33 33 33
33 33 33
33 33 33
33 33 33
33 33 33
232 232 232
33 33 33
33 33 33
33 33 33
33 33 33
33 33 33
33 33 33
33 33 33
33 33 33
33 33 33
33 33 33
238 238 238
33 33 33
33 33 33
33 33 33
33 33 33
33 33 33
33 33 33
33 33 33
33 33 33
33 33 33
33 33 33
33 33 33
33 33 33
255 255 255
255 255 255
255 255 255
255 255 255
255 255 255
255 255 255
33 33 33
33 33 33
33 33 33
33 33 33
33 33 33
237 237 237
33 33 33
33 33 33
33 33 33
33 33 33
33 33 33
33 33 33
33 33 33
33 33 33
33 33 33
33 33 33
233 233 233
49 49 49
33 33 33
33 33 33
33 33 33
33 33 33
116 116 116
33 33 33
33 33 33
33 33 33
33 33 33
33 33 33
33 33 33
255 255 255
255 255 255
255 255 255
255 255 255
255 255 255
255 255 255
33 33 33
33 33 33
33 33 33
33 33 33
49 49 49
233 233 233
33 33 33
33 33 33
33 33 33
33 33 33
33 33 33
33 33 33
33 33 33
33 33 33
33 33 33
33 33 33
210 210 210
139 139 139
33 33 33
33 33 33
33 33 33
33 33 33
232 232 232
33 33 33
33 33 33
33 33 33
33 33 33
33 33 33
33 33 33
255 255 255
255 255 255
255 255 255
255 255 255
255 255 255
215 215 215
33 33 33
33 33 33
33 33 33
33 33 33
140 140 140
210 210 210
33 33 33
33 33 33
33 33 33
33 33 33
33 33 33
33 33 33
33 33 33
33 33 33
33 33 33
33 33 33
156 156 156
197 197 197
33 33 33
33 33 33
33 33 33
33 33 33
224 224 224
223 223 223
185 185 185
103 103 103
33 33 33
33 33 33
33 33 33
255 255 255
255 255 255
255 255 255
242 242 242
153 153 153
33 33 33
33 33 33
33 33 33
33 33 33
33 33 33
197 197 197
156 156 156
33 33 33
33 33 33
33 33 33
33 33 33
33 33 33
33 33 33
33 33 33
33 33 33
33 33 33
33 33 33
61 61 61
237 237 237
66 66 66
33 33 33
33 33 33
33 33 33
33 33 33
87 87 87
168 168 168
216 216 216
233 233 233
192 192 192
129 129 129
255 255 255
255 255 255
205 205 205
68 68 68
33 33 33
33 33 33
33 33 33
33 33 33
33 33 33
66 66 66
237 237 237
61 61 61
33 33 33
33 33 33
33 33 33
33 33 33
33 33 33
33 33 33
33 33 33
33 33 33
33 33 33
33 33 33
33 33 33
178 178 178
189 189 189
33 33 33
33 33 33
33 33 33
33 33 33
33 33 33
33 33 33
33 33 33
64 64 64
155 155 155
206 206 206
226 226 226
145 145 145
33 33 33
33 33 33
33 33 33
33 33 33
33 33 33
33 33 33
33 33 33
189 189 189
178 178 178
33 33 33
33 33 33
33 33 33
33 33 33
33 33 33
33 33 33
33 33 33
33 33 33
33 33 33
33 33 33
33 33 33
33 33 33
58 58 58
232 232 232
130 130 130
33 33 33
33 33 33
33 33 33
33 33 33
33 33 33
33 33 33
33 33 33
33 33 33
33 33 33
33 33 33
33 33 33
33 33 33
33 33 33
33 33 33
33 33 33
33 33 33
33 33 33
130 130 130
232 232 232
58 58 58
33 33 33
33 33 33
33 33 33
33 33 33
33 33 33
33 33 33
33 33 33
33 33 33
33 33 33
33 33 33
33 33 33
33 33 33
33 33 33
105 105 105
236 236 236
103 103 103
33 33 33
33 33 33
33 33 33
33 33 33
33 33 33
33 33 33
33 33 33
33 33 33
33 33 33
33 33 33
33 33 33
33 33 33
33 33 33
33 33 33
33 33 33
103 103 103
236 236 236
105 105 105
33 33 33
33 33 33
33 33 33
33 33 33
33 33 33
33 33 33
33 33 33
33 33 33
33 33 33
33 33 33
33 33 33
33 33 33
33 33 33
33 33 33
33 33 33
137 137 137
236 236 236
130 130 130
33 33 33
33 33 33
33 33 33
33 33 33
33 33 33
33 33 33
33 33 33
33 33 33
33 33 33
33 33 33
33 33 33
33 33 33
33 33 33
130 130 130
236 236 236
137 137 137
33 33 33
33 33 33
33 33 33
33 33 33
33 33 33
33 33 33
33 33 33
33 33 33
33 33 33
33 33 33
33 33 33
33 33 33
33 33 33
33 33 33
33 33 33
33 33 33
33 33 33
105 105 105
232 232 232
189 189 189
65 65 65
33 33 33
33 33 33
33 33 33
33 33 33
33 33 33
33 33 33
33 33 33
33 33 33
33 33 33
66 66 66
189 189 189
232 232 232
105 105 105
33 33 33
33 33 33
33 33 33
33 33 33
33 33 33
33 33 33
33 33 33
33 33 33
33 33 33
33 33 33
33 33 33
33 33 33
33 33 33
33 33 33
33 33 33
33 33 33
33 33 33
33 33 33
33 33 33
58 58 58
178 178 178
237 237 237
197 197 197
140 140 140
49 49 49
33 33 33
33 33 33
33 33 33
49 49 49
140 140 140
197 197 197
237 237 237
178 178 178
58 58 58
33 33 33
33 33 33
33 33 33
33 33 33
33 33 33
33 33 33
33 33 33
33 33 33
33 33 33
33 33 33
33 33 33
33 33 33
33 33 33
33 33 33
33 33 33
33 33 33
33 33 33
33 33 33
33 33 33
33 33 33
33 33 33
33 33 33
61 61 61
156 156 156
210 210 210
233 233 233
238 238 238
232 232 232
238 238 238
233 233 233
210 210 210
156 156 156
61 61 61
33 33 33
33 33 33
33 33 33
33 33 33
33 33 33
33 33 33
33 33 33
33 33 33
33 33 33
33 33 33
33 33 33
33 33 33
