33 33 33
33 33 33
33 33 33
33 33 33
33 33 33
33 33 33
33 33 33
33 33 33
33 33 33
33 33 33
33 33 33
33 33 33
35 35 35
46 46 46
57 57 57
61 61 61
63 63 63
61 61 61
63 63 63
63 63 63
57 57 57
46 46 46
35 35 35
33 33 33
33 33 33
33 33 33
33 33 33
33 33 33
33 33 33
33 33 33
33 33 33
33 33 33
33 33 33
33 33 33
33 33 33
33 33 33
33 33 33
33 33 33
33 33 33
33 33 33
33 33 33
33 33 33
33 33 33
33 33 33
33 33 33
34 34 34
50 50 50
62 62 62
54 54 54
43 43 43
34 34 34
33 33 33
33 33 33
33 33 33
34 34 34
48 48 48
54 54 54
62 62 62
50 50 50
34 34 34
33 33 33
33 33 33
33 33 33
33 33 33
33 33 33
33 33 33
33 33 33
33 33 33
33 33 33
33 33 33
33 33 33
33 33 33
33 33 33
33 33 33
33 33 33
33 33 33
33 33 33
33 33 33
33 33 33
39 39 39
61 61 61
52 52 52
35 35 35
33 33 33
33 33 33
33 33 33
33 33 33
33 33 33
33 33 33
33 33 33
33 33 33
33 33 33
35 35 35
52 52 52
61 61 61
39 39 39
33 33 33
33 33 33
33 33 33
33 33 33
33 33 33
33 33 33
33 33 33
33 33 33
33 33 33
33 33 33
33 33 33
33 33 33
33 33 33
33 33 33
33 33 33
33 33 33
33 33 33
43 43 43
62 62 62
42 42 42
33 33 33
33 33 33
33 33 33
33 33 33
33 33 33
33 33 33
33 33 33
33 33 33
33 33 33
33 33 33
33 33 33
33 33 33
33 33 33
42 42 42
62 62 62
43 43 43
33 33 33
33 33 33
33 33 33
33 33 33
33 33 33
33 33 33
33 33 33
33 33 33
33 33 33
33 33 33
33 33 33
33 33 33
33 33 33
33 33 33
33 33 33
39 39 39
62 62 62
39 39 39
33 33 33
33 33 33
33 33 33
33 33 33
33 33 33
33 33 33
33 33 33
33 33 33
33 33 33
33 33 33
33 33 33
33 33 33
33 33 33
33 33 33
33 33 33
39 39 39
62 62 62
39 39 39
33 33 33
33 33 33
33 33 33
33 33 33
33 33 33
33 33 33
33 33 33
33 33 33
33 33 33
33 33 33
33 33 33
33 33 33
33 33 33
34 34 34
61 61 61
42 42 42
33 33 33
33 33 33
33 33 33
33 33 33
33 33 33
33 33 33
33 33 33
33 33 33
33 33 33
33 33 33
33 33 33
33 33 33
33 33 33
33 33 33
33 33 33
33 33 33
33 33 33
42 42 42
61 61 61
34 34 34
33 33 33
33 33 33
33 33 33
33 33 33
33 33 33
33 33 33
33 33 33
33 33 33
33 33 33
33 33 33
33 33 33
33 33 33
50 50 50
52 52 52
33 33 33
33 33 33
33 33 33
33 33 33
33 33 33
33 33 33
35 35 35
51 51 51
61 61 61
57 57 57
51 51 51
42 42 42
33 33 33
33 33 33
33 33 33
33 33 33
33 33 33
33 33 33
33 33 33
52 52 52
50 50 50
33 33 33
33 33 33
33 33 33
33 33 33
33 33 33
33 33 33
33 33 33
33 33 33
33 33 33
33 33 33
33 33 33
35 35 35
62 62 62
35 35 35
33 33 33
33 33 33
33 33 33
33 33 33
37 37 37
54 54 54
62 62 62
50 50 50
35 35 35
41 41 41
48 48 48
56 56 56
61 61 61
60 60 60
53 53 53
44 44 44
33 33 33
33 33 33
33 33 33
35 35 35
62 62 62
35 35 35
33 33 33
33 33 33
33 33 33
33 33 33
33 33 33
33 33 33
33 33 33
33 33 33
33 33 33
33 33 33
46 46 46
54 54 54
33 33 33
33 33 33
33 33 33
33 33 33
57 57 57
64 64 64
51 51 51
33 33 33
33 33 33
33 33 33
33 33 33
33 33 33
33 33 33
44 44 44
50 50 50
65 65 65
66 66 66
33 33 33
33 33 33
33 33 33
33 33 33
54 54 54
46 46 46
33 33 33
33 33 33
33 33 33
33 33 33
33 33 33
33 33 33
33 33 33
33 33 33
33 33 33
33 33 33
57 57 57
43 43 43
33 33 33
33 33 33
33 33 33
33 33 33
63 63 63
52 52 52
59 59 59
61 61 61
56 56 56
48 48 48
40 40 40
35 35 35
50 50 50
63 63 63
66 66 66
66 66 66
66 66 66
33 33 33
33 33 33
33 33 33
33 33 33
50 50 50
57 57 57
33 33 33
33 33 33
33 33 33
33 33 33
33 33 33
33 33 33
33 33 33
33 33 33
33 33 33
33 33 33
62 62 62
34 34 34
33 33 33
33 33 33
33 33 33
33 33 33
61 61 61
33 33 33
33 33 33
33 33 33
43 43 43
51 51 51
58 58 58
66 66 66
66 66 66
66 66 66
66 66 66
66 66 66
66 66 66
33 33 33
33 33 33
33 33 33
33 33 33
34 34 34
61 61 61
33 33 33
33 33 33
33 33 33
33 33 33
33 33 33
33 33 33
33 33 33
33 33 33
33 33 33
33 33 33
62 62 62
33 33 33
33 33 33
33 33 33
33 33 33
33 33 33
61 61 61
33 33 33
33 33 33
33 33 33
33 33 33
33 33 33
33 33 33
66 66 66
66 66 66
66 66 66
66 66 66
66 66 66
66 66 66
33 33 33
33 33 33
33 33 33
33 33 33
33 33 33
62 62 62
33 33 33
33 33 33
33 33 33
33 33 33
33 33 33
33 33 33
33 33 33
33 33 33
33 33 33
33 33 33
61 61 61
33 33 33
33 33 33
33 33 33
33 33 33
33 33 33
46 46 46
33 33 33
33 33 33
33 33 33
33 33 33
33 33 33
33 33 33
66 66 66
66 66 66
66 66 66
66 66 66
66 66 66
66 66 66
33 33 33
33 33 33
33 33 33
33 33 33
33 33 33
61 61 61
33 33 33
33 33 33
33 33 33
33 33 33
33 33 33
33 33 33
33 33 33
33 33 33
33 33 33
33 33 33
63 63 63
33 33 33
33 33 33
33 33 33
33 33 33
33 33 33
33 33 33
33 33 33
33 33 33
33 33 33
33 33 33
33 33 33
33 33 33
66 66 66
66 66 66
66 66 66
66 66 66
66 66 66
66 66 66
33 33 33
33 33 33
33 33 33
33 33 33
33 33 33
62 62 62
33 33 33
33 33 33
33 33 33
33 33 33
33 33 33
33 33 33
33 33 33
33 33 33
33 33 33
33 33 33
61 61 61
34 34 34
33 33 33
33 33 33
33 33 33
33 33 33
40 40 40
33 33 33
33 33 33
33 33 33
33 33 33
33 33 33
33 33 33
66 66 66
66 66 66
66 66 66
66 66 66
66 66 66
66 66 66
33 33 33
33 33 33
33 33 33
33 33 33
34 34 34
61 61 61
33 33 33
33 33 33
33 33 33
33 33 33
33 33 33
33 33 33
33 33 33
33 33 33
33 33 33
33 33 33
57 57 57
50 50 50
33 33 33
33 33 33
33 33 33
33 33 33
61 61 61
33 33 33
33 33 33
33 33 33
33 33 33
33 33 33
33 33 33
66 66 66
66 66 66
66 66 66
66 66 66
66 66 66
58 58 58
33 33 33
33 33 33
33 33 33
33 33 33
54 54 54
57 57 57
33 33 33
33 33 33
33 33 33
33 33 33
33 33 33
33 33 33
33 33 33
33 33 33
33 33 33
33 33 33
46 46 46
54 54 54
33 33 33
33 33 33
33 33 33
33 33 33
62 62 62
59 59 59
52 52 52
39 39 39
33 33 33
33 33 33
33 33 33
66 66 66
66 66 66
66 66 66
63 63 63
51 51 51
33 33 33
33 33 33
33 33 33
33 33 33
33 33 33
54 54 54
46 46 46
33 33 33
33 33 33
33 33 33
33 33 33
33 33 33
33 33 33
33 33 33
33 33 33
33 33 33
33 33 33
35 35 35
62 62 62
35 35 35
33 33 33
33 33 33
33 33 33
33 33 33
37 37 37
49 49 49
58 58 58
61 61 61
53 53 53
43 43 43
66 66 66
66 66 66
56 56 56
35 35 35
33 33 33
33 33 33
33 33 33
33 33 33
33 33 33
35 35 35
62 62 62
35 35 35
33 33 33
33 33 33
33 33 33
33 33 33
33 33 33
33 33 33
33 33 33
33 33 33
33 33 33
33 33 33
33 33 33
50 50 50
52 52 52
33 33 33
33 33 33
33 33 33
33 33 33
33 33 33
33 33 33
33 33 33
35 35 35
46 46 46
56 56 56
60 60 60
45 45 45
33 33 33
33 33 33
33 33 33
33 33 33
33 33 33
33 33 33
33 33 33
52 52 52
50 50 50
33 33 33
33 33 33
33 33 33
33 33 33
33 33 33
33 33 33
33 33 33
33 33 33
33 33 33
33 33 33
33 33 33
33 33 33
34 34 34
61 61 61
42 42 42
33 33 33
33 33 33
33 33 33
33 33 33
33 33 33
33 33 33
33 33 33
33 33 33
33 33 33
33 33 33
33 33 33
33 33 33
33 33 33
33 33 33
33 33 33
33 33 33
33 33 33
42 42 42
61 61 61
34 34 34
33 33 33
33 33 33
33 33 33
33 33 33
33 33 33
33 33 33
33 33 33
33 33 33
33 33 33
33 33 33
33 33 33
33 33 33
33 33 33
39 39 39
62 62 62
39 39 39
33 33 33
33 33 33
33 33 33
33 33 33
33 33 33
33 33 33
33 33 33
33 33 33
33 33 33
33 33 33
33 33 33
33 33 33
33 33 33
33 33 33
33 33 33
39 39 39
62 62 62
39 39 39
33 33 33
33 33 33
33 33 33
33 33 33
33 33 33
33 33 33
33 33 33
33 33 33
33 33 33
33 33 33
33 33 33
33 33 33
33 33 33
33 33 33
33 33 33
43 43 43
62 62 62
42 42 42
33 33 33
33 33 33
33 33 33
33 33 33
33 33 33
33 33 33
33 33 33
33 33 33
33 33 33
33 33 33
33 33 33
33 33 33
33 33 33
42 42 42
62 62 62
43 43 43
33 33 33
33 33 33
33 33 33
33 33 33
33 33 33
33 33 33
33 33 33
33 33 33
33 33 33
33 33 33
33 33 33
33 33 33
33 33 33
33 33 33
33 33 33
33 33 33
33 33 33
39 39 39
61 61 61
52 52 52
35 35 35
33 33 33
33 33 33
33 33 33
33 33 33
33 33 33
33 33 33
33 33 33
33 33 33
33 33 33
35 35 35
52 52 52
61 61 61
39 39 39
33 33 33
33 33 33
33 33 33
33 33 33
33 33 33
33 33 33
33 33 33
33 33 33
33 33 33
33 33 33
33 33 33
33 33 33
33 33 33
33 33 33
33 33 33
33 33 33
33 33 33
33 33 33
33 33 33
34 34 34
50 50 50
62 62 62
54 54 54
52 52 52
34 34 34
33 33 33
33 33 33
33 33 33
34 34 34
54 54 54
54 54 54
62 62 62
50 50 50
34 34 34
33 33 33
33 33 33
33 33 33
33 33 33
33 33 33
33 33 33
33 33 33
33 33 33
33 33 33
33 33 33
33 33 33
33 33 33
33 33 33
33 33 33
33 33 33
33 33 33
33 33 33
33 33 33
33 33 33
33 33 33
33 33 33
33 33 33
35 35 35
46 46 46
57 57 57
61 61 61
62 62 62
61 61 61
63 63 63
63 63 63
57 57 57
46 46 46
35 35 35
33 33 33
33 33 33
33 33 33
33 33 33
33 33 33
33 33 33
33 33 33
33 33 33
33 33 33
33 33 33
33 33 33
33 33 33
