33 33 33
33 33 33
33 33 33
33 33 33
33 33 33
33 33 33
33 33 33
33 33 33
33 33 33
33 33 33
33 33 33
33 33 33
33 33 33
33 33 33
33 33 33
33 33 33
33 33 33
33 33 33
33 33 33
33 33 33
33 33 33
33 33 33
33 33 33
33 33 33
33 33 33
33 33 33
33 33 33
33 33 33
33 33 33
33 33 33
33 33 33
33 33 33
33 33 33
33 33 33
33 33 33
33 33 33
33 33 33
33 33 33
33 33 33
33 33 33
33 33 33
33 33 33
33 33 33
33 33 33
33 33 33
33 33 33
33 33 33
33 33 33
103 103 103
186 186 186
221 221 221
233 233 233
232 232 232
232 232 232
233 233 233
221 221 221
186 186 186
102 102 102
33 33 33
33 33 33
33 33 33
33 33 33
33 33 33
33 33 33
33 33 33
33 33 33
33 33 33
33 33 33
33 33 33
33 33 33
33 33 33
33 33 33
33 33 33
33 33 33
33 33 33
33 33 33
33 33 33
33 33 33
33 33 33
33 33 33
33 33 33
102 102 102
210 210 210
227 227 227
166 166 166
92 92 92
33 33 33
33 33 33
33 33 33
33 33 33
92 92 92
166 166 166
227 227 227
210 210 210
101 101 101
33 33 33
33 33 33
33 33 33
33 33 33
33 33 33
33 33 33
33 33 33
33 33 33
33 33 33
33 33 33
33 33 33
33 33 33
33 33 33
33 33 33
33 33 33
33 33 33
33 33 33
33 33 33
33 33 33
33 33 33
162 162 162
232 232 232
140 140 140
33 33 33
33 33 33
33 33 33
33 33 33
33 33 33
33 33 33
33 33 33
33 33 33
33 33 33
33 33 33
139 139 139
232 232 232
162 162 162
33 33 33
33 33 33
33 33 33
33 33 33
33 33 33
33 33 33
33 33 33
33 33 33
33 33 33
33 33 33
33 33 33
33 33 33
33 33 33
33 33 33
33 33 33
33 33 33
33 33 33
33 33 33
171 171 171
218 218 218
66 66 66
33 33 33
33 33 33
33 33 33
33 33 33
33 33 33
33 33 33
33 33 33
33 33 33
33 33 33
33 33 33
33 33 33
33 33 33
66 66 66
218 218 218
171 171 171
33 33 33
33 33 33
33 33 33
33 33 33
33 33 33
33 33 33
33 33 33
33 33 33
33 33 33
33 33 33
33 33 33
33 33 33
33 33 33
33 33 33
33 33 33
33 33 33
162 162 162
217 217 217
34 34 34
33 33 33
33 33 33
33 33 33
33 33 33
33 33 33
33 33 33
33 33 33
33 33 33
33 33 33
33 33 33
33 33 33
33 33 33
33 33 33
33 33 33
34 34 34
218 218 218
162 162 162
33 33 33
33 33 33
33 33 33
33 33 33
33 33 33
33 33 33
33 33 33
33 33 33
33 33 33
33 33 33
33 33 33
33 33 33
33 33 33
33 33 33
101 101 101
232 232 232
66 66 66
33 33 33
33 33 33
33 33 33
33 33 33
33 33 33
33 33 33
45 45 45
68 68 68
33 33 33
33 33 33
33 33 33
33 33 33
33 33 33
33 33 33
33 33 33
33 33 33
66 66 66
232 232 232
101 101 101
33 33 33
33 33 33
33 33 33
33 33 33
33 33 33
33 33 33
33 33 33
33 33 33
33 33 33
33 33 33
33 33 33
33 33 33
33 33 33
210 210 210
140 140 140
33 33 33
33 33 33
33 33 33
33 33 33
33 33 33
72 72 72
178 178 178
235 235 235
225 225 225
228 228 228
198 198 198
158 158 158
101 101 101
33 33 33
33 33 33
33 33 33
33 33 33
33 33 33
140 140 140
210 210 210
33 33 33
33 33 33
33 33 33
33 33 33
33 33 33
33 33 33
33 33 33
33 33 33
33 33 33
33 33 33
33 33 33
33 33 33
102 102 102
227 227 227
33 33 33
33 33 33
33 33 33
33 33 33
88 88 88
198 198 198
230 230 230
167 167 167
58 58 58
33 33 33
33 33 33
130 130 130
180 180 180
216 216 216
232 232 232
213 213 213
86 86 86
33 33 33
33 33 33
33 33 33
227 227 227
103 103 103
33 33 33
33 33 33
33 33 33
33 33 33
33 33 33
33 33 33
33 33 33
33 33 33
33 33 33
33 33 33
33 33 33
186 186 186
166 166 166
33 33 33
33 33 33
33 33 33
116 116 116
254 254 254
241 241 241
163 163 163
103 103 103
33 33 33
33 33 33
33 33 33
33 33 33
87 87 87
198 198 198
250 250 250
255 255 255
127 127 127
33 33 33
33 33 33
33 33 33
166 166 166
186 186 186
33 33 33
33 33 33
33 33 33
33 33 33
33 33 33
33 33 33
33 33 33
33 33 33
33 33 33
33 33 33
33 33 33
221 221 221
92 92 92
33 33 33
33 33 33
33 33 33
127 127 127
204 204 204
116 116 116
178 178 178
212 212 212
229 229 229
212 212 212
176 176 176
210 210 210
255 255 255
255 255 255
255 255 255
255 255 255
127 127 127
33 33 33
33 33 33
33 33 33
92 92 92
221 221 221
33 33 33
33 33 33
33 33 33
33 33 33
33 33 33
33 33 33
33 33 33
33 33 33
33 33 33
33 33 33
33 33 33
233 233 233
33 33 33
33 33 33
33 33 33
33 33 33
127 127 127
204 204 204
33 33 33
33 33 33
33 33 33
33 33 33
104 104 104
219 219 219
255 255 255
255 255 255
255 255 255
255 255 255
255 255 255
127 127 127
33 33 33
33 33 33
33 33 33
33 33 33
233 233 233
33 33 33
33 33 33
33 33 33
33 33 33
33 33 33
33 33 33
33 33 33
33 33 33
33 33 33
33 33 33
33 33 33
232 232 232
33 33 33
33 33 33
33 33 33
33 33 33
127 127 127
204 204 204
33 33 33
33 33 33
33 33 33
33 33 33
33 33 33
200 200 200
255 255 255
255 255 255
255 255 255
255 255 255
255 255 255
127 127 127
33 33 33
33 33 33
33 33 33
33 33 33
232 232 232
33 33 33
33 33 33
33 33 33
33 33 33
33 33 33
33 33 33
33 33 33
33 33 33
33 33 33
33 33 33
33 33 33
232 232 232
33 33 33
33 33 33
33 33 33
33 33 33
33 33 33
33 33 33
33 33 33
33 33 33
33 33 33
33 33 33
33 33 33
200 200 200
255 255 255
255 255 255
255 255 255
255 255 255
255 255 255
127 127 127
33 33 33
33 33 33
33 33 33
33 33 33
232 232 232
33 33 33
33 33 33
33 33 33
33 33 33
33 33 33
33 33 33
33 33 33
33 33 33
33 33 33
33 33 33
33 33 33
233 233 233
33 33 33
33 33 33
33 33 33
33 33 33
33 33 33
33 33 33
33 33 33
33 33 33
33 33 33
33 33 33
33 33 33
200 200 200
255 255 255
255 255 255
255 255 255
255 255 255
255 255 255
127 127 127
33 33 33
33 33 33
33 33 33
33 33 33
233 233 233
33 33 33
33 33 33
33 33 33
33 33 33
33 33 33
33 33 33
33 33 33
33 33 33
33 33 33
33 33 33
33 33 33
221 221 221
92 92 92
33 33 33
33 33 33
33 33 33
116 116 116
185 185 185
33 33 33
33 33 33
33 33 33
33 33 33
33 33 33
200 200 200
255 255 255
255 255 255
255 255 255
255 255 255
255 255 255
116 116 116
33 33 33
33 33 33
33 33 33
92 92 92
221 221 221
33 33 33
33 33 33
33 33 33
33 33 33
33 33 33
33 33 33
33 33 33
33 33 33
33 33 33
33 33 33
33 33 33
186 186 186
166 166 166
33 33 33
33 33 33
33 33 33
127 127 127
233 233 233
153 153 153
66 66 66
33 33 33
33 33 33
33 33 33
200 200 200
255 255 255
255 255 255
255 255 255
236 236 236
126 126 126
33 33 33
33 33 33
33 33 33
33 33 33
166 166 166
186 186 186
33 33 33
33 33 33
33 33 33
33 33 33
33 33 33
33 33 33
33 33 33
33 33 33
33 33 33
33 33 33
33 33 33
103 103 103
227 227 227
33 33 33
33 33 33
33 33 33
33 33 33
118 118 118
185 185 185
227 227 227
218 218 218
171 171 171
87 87 87
200 200 200
255 255 255
252 252 252
188 188 188
63 63 63
33 33 33
33 33 33
33 33 33
33 33 33
33 33 33
227 227 227
103 103 103
33 33 33
33 33 33
33 33 33
33 33 33
33 33 33
33 33 33
33 33 33
33 33 33
33 33 33
33 33 33
33 33 33
33 33 33
210 210 210
141 141 141
33 33 33
33 33 33
33 33 33
33 33 33
33 33 33
33 33 33
91 91 91
173 173 173
219 219 219
245 245 245
232 232 232
116 116 116
33 33 33
33 33 33
33 33 33
33 33 33
33 33 33
33 33 33
140 140 140
210 210 210
33 33 33
33 33 33
33 33 33
33 33 33
33 33 33
33 33 33
33 33 33
33 33 33
33 33 33
33 33 33
33 33 33
33 33 33
33 33 33
101 101 101
232 232 232
66 66 66
33 33 33
33 33 33
33 33 33
33 33 33
33 33 33
33 33 33
33 33 33
33 33 33
74 74 74
33 33 33
33 33 33
33 33 33
33 33 33
33 33 33
33 33 33
33 33 33
66 66 66
232 232 232
101 101 101
33 33 33
33 33 33
33 33 33
33 33 33
33 33 33
33 33 33
33 33 33
33 33 33
33 33 33
33 33 33
33 33 33
33 33 33
33 33 33
33 33 33
162 162 162
218 218 218
34 34 34
33 33 33
33 33 33
33 33 33
33 33 33
33 33 33
33 33 33
33 33 33
33 33 33
33 33 33
33 33 33
33 33 33
33 33 33
33 33 33
33 33 33
34 34 34
218 218 218
162 162 162
33 33 33
33 33 33
33 33 33
33 33 33
33 33 33
33 33 33
33 33 33
33 33 33
33 33 33
33 33 33
33 33 33
33 33 33
33 33 33
33 33 33
33 33 33
33 33 33
171 171 171
217 217 217
66 66 66
33 33 33
33 33 33
33 33 33
33 33 33
33 33 33
33 33 33
33 33 33
33 33 33
33 33 33
33 33 33
33 33 33
33 33 33
66 66 66
218 218 218
171 171 171
33 33 33
33 33 33
33 33 33
33 33 33
33 33 33
33 33 33
33 33 33
33 33 33
33 33 33
33 33 33
33 33 33
33 33 33
33 33 33
33 33 33
33 33 33
33 33 33
33 33 33
33 33 33
162 162 162
232 232 232
141 141 141
33 33 33
33 33 33
33 33 33
33 33 33
33 33 33
33 33 33
33 33 33
33 33 33
33 33 33
33 33 33
141 141 141
232 232 232
162 162 162
33 33 33
33 33 33
33 33 33
33 33 33
33 33 33
33 33 33
33 33 33
33 33 33
33 33 33
33 33 33
33 33 33
33 33 33
33 33 33
33 33 33
33 33 33
33 33 33
33 33 33
33 33 33
33 33 33
33 33 33
101 101 101
210 210 210
227 227 227
166 166 166
92 92 92
33 33 33
33 33 33
33 33 33
33 33 33
92 92 92
166 166 166
227 227 227
210 210 210
101 101 101
33 33 33
33 33 33
33 33 33
33 33 33
33 33 33
33 33 33
33 33 33
33 33 33
33 33 33
33 33 33
33 33 33
33 33 33
33 33 33
33 33 33
33 33 33
33 33 33
33 33 33
33 33 33
33 33 33
33 33 33
33 33 33
33 33 33
33 33 33
103 103 103
186 186 186
221 221 221
233 233 233
232 232 232
232 232 232
233 233 233
221 221 221
186 186 186
103 103 103
33 33 33
33 33 33
33 33 33
33 33 33
33 33 33
33 33 33
33 33 33
33 33 33
33 33 33
33 33 33
33 33 33
33 33 33
