33 33 33
33 33 33
33 33 33
33 33 33
33 33 33
33 33 33
33 33 33
33 33 33
33 33 33
33 33 33
33 33 33
33 33 33
33 33 33
33 33 33
33 33 33
33 33 33
33 33 33
33 33 33
33 33 33
33 33 33
33 33 33
33 33 33
33 33 33
33 33 33
33 33 33
33 33 33
33 33 33
33 33 33
33 33 33
33 33 33
33 33 33
33 33 33
33 33 33
33 33 33
33 33 33
33 33 33
33 33 33
33 33 33
33 33 33
33 33 33
33 33 33
33 33 33
33 33 33
33 33 33
33 33 33
33 33 33
33 33 33
33 33 33
33 33 33
33 33 33
33 33 33
33 33 33
33 33 33
33 33 33
33 33 33
33 33 33
33 33 33
33 33 33
33 33 33
33 33 33
33 33 33
33 33 33
33 33 33
33 33 33
33 33 33
33 33 33
33 33 33
33 33 33
33 33 33
33 33 33
33 33 33
33 33 33
33 33 33
33 33 33
33 33 33
33 33 33
33 33 33
33 33 33
33 33 33
33 33 33
33 33 33
33 33 33
33 33 33
121 121 121
199 199 199
247 247 247
137 137 137
33 33 33
33 33 33
132 132 132
247 247 247
203 203 203
121 121 121
33 33 33
33 33 33
33 33 33
33 33 33
33 33 33
33 33 33
33 33 33
33 33 33
33 33 33
33 33 33
33 33 33
33 33 33
33 33 33
33 33 33
33 33 33
33 33 33
33 33 33
33 33 33
33 33 33
33 33 33
33 33 33
33 33 33
33 33 33
80 80 80
226 226 226
255 255 255
216 216 216
218 218 218
237 237 237
55 55 55
55 55 55
236 236 236
220 220 220
216 216 216
255 255 255
226 226 226
87 87 87
33 33 33
33 33 33
33 33 33
33 33 33
33 33 33
33 33 33
33 33 33
33 33 33
33 33 33
33 33 33
33 33 33
33 33 33
33 33 33
33 33 33
33 33 33
33 33 33
33 33 33
33 33 33
33 33 33
33 33 33
33 33 33
89 89 89
255 255 255
145 145 145
33 33 33
70 70 70
242 242 242
210 210 210
207 207 207
242 242 242
70 70 70
33 33 33
145 145 145
255 255 255
109 109 109
33 33 33
33 33 33
33 33 33
33 33 33
33 33 33
33 33 33
33 33 33
33 33 33
33 33 33
33 33 33
33 33 33
33 33 33
33 33 33
33 33 33
33 33 33
33 33 33
33 33 33
33 33 33
33 33 33
33 33 33
33 33 33
33 33 33
239 239 239
159 159 159
33 33 33
33 33 33
147 147 147
234 234 234
234 234 234
149 149 149
33 33 33
33 33 33
154 154 154
247 247 247
33 33 33
33 33 33
33 33 33
33 33 33
33 33 33
33 33 33
33 33 33
33 33 33
33 33 33
33 33 33
33 33 33
33 33 33
33 33 33
33 33 33
33 33 33
33 33 33
33 33 33
33 33 33
33 33 33
86 86 86
106 106 106
33 33 33
33 33 33
214 214 214
200 200 200
33 33 33
33 33 33
33 33 33
33 33 33
33 33 33
33 33 33
33 33 33
33 33 33
199 199 199
226 226 226
33 33 33
33 33 33
95 95 95
87 87 87
33 33 33
33 33 33
33 33 33
33 33 33
33 33 33
33 33 33
33 33 33
33 33 33
33 33 33
33 33 33
33 33 33
33 33 33
33 33 33
33 33 33
33 33 33
221 221 221
255 255 255
244 244 244
223 223 223
251 251 251
167 167 167
33 33 33
33 33 33
33 33 33
33 33 33
33 33 33
33 33 33
33 33 33
33 33 33
166 166 166
252 252 252
217 217 217
242 242 242
255 255 255
227 227 227
33 33 33
33 33 33
33 33 33
33 33 33
33 33 33
33 33 33
33 33 33
33 33 33
33 33 33
33 33 33
33 33 33
33 33 33
33 33 33
33 33 33
112 112 112
255 255 255
139 139 139
149 149 149
192 192 192
164 164 164
33 33 33
33 33 33
33 33 33
33 33 33
74 74 74
74 74 74
33 33 33
33 33 33
33 33 33
33 33 33
166 166 166
195 195 195
152 152 152
151 151 151
255 255 255
121 121 121
33 33 33
33 33 33
33 33 33
33 33 33
33 33 33
33 33 33
33 33 33
33 33 33
33 33 33
33 33 33
33 33 33
33 33 33
33 33 33
197 197 197
218 218 218
33 33 33
33 33 33
33 33 33
33 33 33
33 33 33
33 33 33
154 154 154
239 239 239
255 255 255
255 255 255
232 232 232
141 141 141
33 33 33
33 33 33
33 33 33
33 33 33
33 33 33
33 33 33
220 220 220
206 206 206
33 33 33
33 33 33
33 33 33
33 33 33
33 33 33
33 33 33
33 33 33
33 33 33
33 33 33
33 33 33
33 33 33
33 33 33
33 33 33
240 240 240
225 225 225
72 72 72
33 33 33
33 33 33
33 33 33
33 33 33
154 154 154
252 252 252
181 181 181
87 87 87
87 87 87
181 181 181
252 252 252
141 141 141
33 33 33
33 33 33
33 33 33
33 33 33
68 68 68
227 227 227
249 249 249
33 33 33
33 33 33
33 33 33
33 33 33
33 33 33
33 33 33
33 33 33
33 33 33
33 33 33
33 33 33
33 33 33
33 33 33
33 33 33
136 136 136
237 237 237
244 244 244
155 155 155
33 33 33
33 33 33
33 33 33
236 236 236
182 182 182
33 33 33
33 33 33
33 33 33
33 33 33
182 182 182
232 232 232
33 33 33
33 33 33
33 33 33
155 155 155
242 242 242
237 237 237
147 147 147
33 33 33
33 33 33
33 33 33
33 33 33
33 33 33
33 33 33
33 33 33
33 33 33
33 33 33
33 33 33
33 33 33
33 33 33
33 33 33
33 33 33
55 55 55
205 205 205
234 234 234
33 33 33
33 33 33
88 88 88
255 255 255
109 109 109
33 33 33
33 33 33
33 33 33
33 33 33
109 109 109
255 255 255
67 67 67
33 33 33
33 33 33
243 243 243
205 205 205
58 58 58
33 33 33
33 33 33
33 33 33
33 33 33
33 33 33
33 33 33
33 33 33
33 33 33
33 33 33
33 33 33
33 33 33
33 33 33
33 33 33
33 33 33
33 33 33
55 55 55
205 205 205
234 234 234
33 33 33
33 33 33
83 83 83
255 255 255
111 111 111
33 33 33
33 33 33
33 33 33
33 33 33
111 111 111
255 255 255
67 67 67
33 33 33
33 33 33
242 242 242
202 202 202
36 36 36
33 33 33
33 33 33
33 33 33
33 33 33
33 33 33
33 33 33
33 33 33
33 33 33
33 33 33
33 33 33
33 33 33
33 33 33
33 33 33
33 33 33
137 137 137
237 237 237
236 236 236
136 136 136
33 33 33
33 33 33
33 33 33
235 235 235
188 188 188
33 33 33
33 33 33
33 33 33
33 33 33
188 188 188
231 231 231
33 33 33
33 33 33
33 33 33
149 149 149
242 242 242
236 236 236
127 127 127
33 33 33
33 33 33
33 33 33
33 33 33
33 33 33
33 33 33
33 33 33
33 33 33
33 33 33
33 33 33
33 33 33
33 33 33
33 33 33
241 241 241
222 222 222
66 66 66
33 33 33
33 33 33
33 33 33
33 33 33
135 135 135
254 254 254
191 191 191
112 112 112
112 112 112
191 191 191
252 252 252
135 135 135
33 33 33
33 33 33
33 33 33
33 33 33
70 70 70
220 220 220
241 241 241
33 33 33
33 33 33
33 33 33
33 33 33
33 33 33
33 33 33
33 33 33
33 33 33
33 33 33
33 33 33
33 33 33
33 33 33
33 33 33
197 197 197
225 225 225
33 33 33
33 33 33
33 33 33
33 33 33
33 33 33
33 33 33
136 136 136
231 231 231
255 255 255
255 255 255
229 229 229
134 134 134
33 33 33
33 33 33
33 33 33
33 33 33
33 33 33
33 33 33
220 220 220
196 196 196
33 33 33
33 33 33
33 33 33
33 33 33
33 33 33
33 33 33
33 33 33
33 33 33
33 33 33
33 33 33
33 33 33
33 33 33
33 33 33
116 116 116
255 255 255
157 157 157
163 163 163
205 205 205
181 181 181
33 33 33
33 33 33
33 33 33
33 33 33
63 63 63
63 63 63
33 33 33
33 33 33
33 33 33
33 33 33
167 167 167
195 195 195
154 154 154
146 146 146
255 255 255
101 101 101
33 33 33
33 33 33
33 33 33
33 33 33
33 33 33
33 33 33
33 33 33
33 33 33
33 33 33
33 33 33
33 33 33
33 33 33
33 33 33
33 33 33
221 221 221
255 255 255
242 242 242
219 219 219
252 252 252
178 178 178
33 33 33
33 33 33
33 33 33
33 33 33
33 33 33
33 33 33
33 33 33
33 33 33
171 171 171
251 251 251
220 220 220
244 244 244
255 255 255
218 218 218
33 33 33
33 33 33
33 33 33
33 33 33
33 33 33
33 33 33
33 33 33
33 33 33
33 33 33
33 33 33
33 33 33
33 33 33
33 33 33
33 33 33
33 33 33
80 80 80
90 90 90
33 33 33
33 33 33
228 228 228
195 195 195
33 33 33
33 33 33
33 33 33
33 33 33
33 33 33
33 33 33
33 33 33
33 33 33
195 195 195
211 211 211
33 33 33
33 33 33
101 101 101
80 80 80
33 33 33
33 33 33
33 33 33
33 33 33
33 33 33
33 33 33
33 33 33
33 33 33
33 33 33
33 33 33
33 33 33
33 33 33
33 33 33
33 33 33
33 33 33
33 33 33
33 33 33
33 33 33
33 33 33
247 247 247
153 153 153
33 33 33
33 33 33
150 150 150
242 242 242
242 242 242
150 150 150
33 33 33
33 33 33
154 154 154
237 237 237
33 33 33
33 33 33
33 33 33
33 33 33
33 33 33
33 33 33
33 33 33
33 33 33
33 33 33
33 33 33
33 33 33
33 33 33
33 33 33
33 33 33
33 33 33
33 33 33
33 33 33
33 33 33
33 33 33
33 33 33
33 33 33
33 33 33
114 114 114
255 255 255
157 157 157
33 33 33
68 68 68
242 242 242
203 203 203
211 211 211
242 242 242
68 68 68
33 33 33
151 151 151
255 255 255
82 82 82
33 33 33
33 33 33
33 33 33
33 33 33
33 33 33
33 33 33
33 33 33
33 33 33
33 33 33
33 33 33
33 33 33
33 33 33
33 33 33
33 33 33
33 33 33
33 33 33
33 33 33
33 33 33
33 33 33
33 33 33
33 33 33
91 91 91
228 228 228
255 255 255
225 225 225
227 227 227
229 229 229
38 38 38
57 57 57
238 238 238
225 225 225
220 220 220
255 255 255
221 221 221
76 76 76
33 33 33
33 33 33
33 33 33
33 33 33
33 33 33
33 33 33
33 33 33
33 33 33
33 33 33
33 33 33
33 33 33
33 33 33
33 33 33
33 33 33
33 33 33
33 33 33
33 33 33
33 33 33
33 33 33
33 33 33
33 33 33
33 33 33
33 33 33
122 122 122
206 206 206
247 247 247
121 121 121
33 33 33
33 33 33
147 147 147
249 249 249
200 200 200
116 116 116
33 33 33
33 33 33
33 33 33
33 33 33
33 33 33
33 33 33
33 33 33
33 33 33
33 33 33
33 33 33
33 33 33
33 33 33
33 33 33
33 33 33
33 33 33
33 33 33
33 33 33
33 33 33
33 33 33
33 33 33
33 33 33
33 33 33
33 33 33
33 33 33
33 33 33
33 33 33
33 33 33
33 33 33
33 33 33
33 33 33
33 33 33
33 33 33
33 33 33
33 33 33
33 33 33
33 33 33
33 33 33
33 33 33
33 33 33
33 33 33
33 33 33
33 33 33
33 33 33
33 33 33
33 33 33
33 33 33
33 33 33
