255 255 255
255 255 255
255 255 255
255 255 255
255 255 255
255 255 255
255 255 255
255 255 255
255 255 255
255 255 255
255 255 255
255 255 255
255 255 255
255 255 255
255 255 255
243 243 243
255 255 255
255 255 255
255 255 255
255 255 255
245 245 245
255 255 255
255 255 255
255 255 255
255 255 255
255 255 255
255 255 255
255 255 255
255 255 255
255 255 255
255 255 255
255 255 255
255 255 255
255 255 255
255 255 255
255 255 255
255 255 255
255 255 255
255 255 255
255 255 255
255 255 255
255 255 255
255 255 255
255 255 255
255 255 255
255 255 255
255 255 255
254 254 254
214 214 214
138 138 138
1 1 1
197 197 197
255 255 255
255 255 255
241 241 241
52 52 52
100 100 100
194 194 194
245 245 245
255 255 255
255 255 255
255 255 255
255 255 255
255 255 255
255 255 255
255 255 255
255 255 255
255 255 255
255 255 255
255 255 255
255 255 255
255 255 255
255 255 255
255 255 255
255 255 255
255 255 255
255 255 255
255 255 255
255 255 255
255 255 255
255 255 255
234 234 234
87 87 87
30 30 30
157 157 157
152 152 152
71 71 71
243 243 243
255 255 255
143 143 143
116 116 116
176 176 176
81 81 81
39 39 39
193 193 193
255 255 255
255 255 255
255 255 255
255 255 255
255 255 255
255 255 255
255 255 255
255 255 255
255 255 255
255 255 255
255 255 255
255 255 255
255 255 255
255 255 255
255 255 255
255 255 255
255 255 255
255 255 255
255 255 255
255 255 255
255 255 255
224 224 224
1 1 1
223 223 223
255 255 255
253 253 253
105 105 105
135 135 135
175 175 175
3 3 3
231 231 231
255 255 255
251 251 251
96 96 96
165 165 165
255 255 255
255 255 255
255 255 255
255 255 255
255 255 255
255 255 255
255 255 255
255 255 255
255 255 255
255 255 255
255 255 255
255 255 255
255 255 255
255 255 255
255 255 255
255 255 255
255 255 255
255 255 255
255 255 255
255 255 255
255 255 255
251 251 251
5 5 5
218 218 218
255 255 255
255 255 255
223 223 223
23 23 23
1 1 1
178 178 178
255 255 255
255 255 255
254 254 254
40 40 40
204 204 204
255 255 255
255 255 255
255 255 255
255 255 255
255 255 255
255 255 255
255 255 255
255 255 255
255 255 255
255 255 255
255 255 255
255 255 255
255 255 255
255 255 255
255 255 255
255 255 255
255 255 255
255 255 255
245 245 245
252 252 252
255 255 255
255 255 255
123 123 123
181 181 181
255 255 255
255 255 255
255 255 255
255 255 255
255 255 255
255 255 255
255 255 255
255 255 255
228 229 229
1 1 1
229 229 229
255 255 255
255 255 255
245 245 245
255 255 255
255 255 255
255 255 255
255 255 255
255 255 255
255 255 255
255 255 255
255 255 255
255 255 255
255 255 255
255 255 255
255 255 255
255 255 255
255 255 255
249 249 249
60 60 60
19 19 19
127 127 127
165 165 165
15 15 15
188 188 188
255 255 255
255 255 255
255 255 255
255 255 255
255 255 255
255 255 255
255 255 255
255 255 255
235 235 235
41 41 41
149 149 149
152 152 152
82 82 82
1 1 1
208 208 208
255 255 255
255 255 255
255 255 255
255 255 255
255 255 255
255 255 255
255 255 255
255 255 255
255 255 255
255 255 255
255 255 255
255 255 255
255 255 255
203 203 203
74 74 74
206 206 206
179 179 179
128 128 128
180 180 180
255 255 255
255 255 255
255 255 255
255 255 255
255 255 255
255 255 255
255 255 255
255 255 255
255 255 255
255 255 255
216 216 216
109 109 109
159 159 159
199 199 199
123 123 123
129 129 129
255 255 255
255 255 255
255 255 255
255 255 255
255 255 255
255 255 255
255 255 255
255 255 255
255 255 255
255 255 255
255 255 255
255 255 255
255 255 255
109 109 109
179 179 179
255 255 255
255 255 255
255 255 255
255 255 255
255 255 255
255 255 255
240 240 240
163 163 163
87 87 87
59 59 59
149 149 149
226 226 226
255 255 255
255 255 255
255 255 255
255 255 255
255 255 255
255 255 255
220 220 220
1 1 1
235 235 235
255 255 255
255 255 255
255 255 255
255 255 255
255 255 255
255 255 255
255 255 255
255 255 255
255 255 255
255 255 255
255 255 255
228 228 228
1 1 1
213 213 213
255 255 255
255 255 255
255 255 255
255 255 255
255 255 255
234 234 234
72 72 72
118 118 118
198 198 198
204 204 204
156 156 156
3 3 3
207 207 207
255 255 255
255 255 255
255 255 255
255 255 255
255 255 255
248 248 248
1 1 1
166 166 166
255 255 255
255 255 255
255 255 255
255 255 255
255 255 255
255 255 255
255 255 255
255 255 255
255 255 255
255 255 255
255 255 255
243 243 243
129 129 129
21 21 21
184 184 184
251 251 251
255 255 255
255 255 255
255 255 255
135 135 135
131 131 131
252 252 252
255 255 255
255 255 255
255 255 255
194 194 194
59 59 59
245 245 245
255 255 255
255 255 255
255 255 255
216 216 216
96 96 96
66 66 66
210 210 210
255 255 255
255 255 255
255 255 255
255 255 255
255 255 255
255 255 255
255 255 255
255 255 255
255 255 255
255 255 255
255 255 255
255 255 255
255 255 255
198 198 198
64 64 64
152 152 152
255 255 255
255 255 255
242 242 242
1 1 1
220 220 220
255 255 255
255 255 255
255 255 255
255 255 255
254 254 254
61 61 61
205 205 205
255 255 255
255 255 255
200 200 200
1 1 1
156 156 156
244 244 244
255 255 255
255 255 255
255 255 255
255 255 255
255 255 255
255 255 255
255 255 255
255 255 255
255 255 255
255 255 255
255 255 255
255 255 255
255 255 255
255 255 255
255 255 255
153 153 153
137 137 137
255 255 255
255 255 255
225 225 225
1 1 1
235 235 235
255 255 255
255 255 255
255 255 255
255 255 255
255 255 255
128 128 128
188 188 188
255 255 255
255 255 255
188 188 188
27 27 27
255 255 255
255 255 255
255 255 255
255 255 255
255 255 255
255 255 255
255 255 255
255 255 255
255 255 255
255 255 255
255 255 255
255 255 255
255 255 255
255 255 255
255 255 255
248 248 248
171 171 171
1 1 1
179 179 179
255 255 255
255 255 255
249 249 249
10 10 10
214 214 214
255 255 255
255 255 255
255 255 255
255 255 255
247 247 247
35 35 35
212 212 212
255 255 255
255 255 255
217 217 217
29 29 29
134 134 134
236 236 236
255 255 255
255 255 255
255 255 255
255 255 255
255 255 255
255 255 255
255 255 255
255 255 255
255 255 255
255 255 255
255 255 255
255 255 255
238 238 238
86 86 86
97 97 97
220 220 220
255 255 255
255 255 255
255 255 255
255 255 255
159 159 159
99 99 99
243 243 243
255 255 255
255 255 255
253 253 253
162 162 162
83 83 83
251 251 251
255 255 255
255 255 255
255 255 255
237 237 237
134 134 134
35 35 35
206 206 206
255 255 255
255 255 255
255 255 255
255 255 255
255 255 255
255 255 255
255 255 255
255 255 255
255 255 255
255 255 255
255 255 255
235 235 235
1 1 1
213 214 214
255 255 255
255 255 255
255 255 255
255 255 255
255 255 255
248 248 248
120 120 120
67 67 67
160 160 160
172 172 172
99 99 99
69 69 69
231 231 231
255 255 255
255 255 255
255 255 255
255 255 255
255 255 255
254 254 254
2 2 2
194 194 194
255 255 255
255 255 255
255 255 255
255 255 255
255 255 255
255 255 255
255 255 255
255 255 255
255 255 255
255 255 255
255 255 255
255 255 255
130 130 130
159 159 159
255 255 255
255 255 255
252 252 252
254 254 254
255 255 255
255 255 255
253 253 253
201 201 201
144 144 144
139 139 139
184 184 184
243 243 243
255 255 255
255 255 255
255 255 255
255 255 255
255 255 255
255 255 255
215 215 215
35 35 35
245 245 245
255 255 255
255 255 255
255 255 255
255 255 255
255 255 255
255 255 255
255 255 255
255 255 255
255 255 255
255 255 255
255 255 255
255 255 255
207 207 207
14 14 14
166 166 166
126 126 126
12 12 12
129 129 129
249 249 249
255 255 255
255 255 255
255 255 255
255 255 255
255 255 255
255 255 255
255 255 255
255 255 255
255 255 255
203 203 203
2 2 2
120 120 120
172 172 172
114 114 114
165 165 165
255 255 255
255 255 255
255 255 255
255 255 255
255 255 255
255 255 255
255 255 255
255 255 255
255 255 255
255 255 255
255 255 255
255 255 255
255 255 255
253 253 253
96 96 96
120 120 120
171 171 171
188 188 188
16 16 16
168 168 168
255 255 255
255 255 255
255 255 255
255 255 255
255 255 255
255 255 255
255 255 255
255 255 255
231 231 231
1 1 1
170 170 170
178 178 178
127 128 128
32 32 32
228 228 228
255 255 255
255 255 255
255 255 255
255 255 255
255 255 255
255 255 255
255 255 255
255 255 255
255 255 255
255 255 255
255 255 255
255 255 255
255 255 255
255 255 255
255 255 255
255 255 255
255 255 255
255 255 255
80 80 80
190 190 190
255 255 255
255 255 255
255 255 255
234 234 234
229 229 229
250 250 250
255 255 255
255 255 255
233 233 233
1 1 1
239 239 239
255 255 255
255 255 255
255 255 255
255 255 255
255 255 255
255 255 255
255 255 255
255 255 255
255 255 255
255 255 255
255 255 255
255 255 255
255 255 255
255 255 255
255 255 255
255 255 255
255 255 255
255 255 255
255 255 255
255 255 255
255 255 255
238 238 238
1 1 1
226 226 226
255 255 255
255 255 255
205 205 205
1 1 1
1 1 1
148 148 148
255 255 255
255 255 255
255 255 255
65 65 65
211 211 211
255 255 255
255 255 255
255 255 255
255 255 255
255 255 255
255 255 255
255 255 255
255 255 255
255 255 255
255 255 255
255 255 255
255 255 255
255 255 255
255 255 255
255 255 255
255 255 255
255 255 255
255 255 255
255 255 255
255 255 255
255 255 255
210 210 210
1 1 1
199 199 199
255 255 255
247 247 247
75 75 75
168 168 168
199 199 199
1 1 1
217 217 217
255 255 255
238 238 238
85 85 85
177 177 177
255 255 255
255 255 255
255 255 255
255 255 255
255 255 255
255 255 255
255 255 255
255 255 255
255 255 255
255 255 255
255 255 255
255 255 255
255 255 255
255 255 255
255 255 255
255 255 255
255 255 255
255 255 255
255 255 255
255 255 255
255 255 255
236 236 236
124 124 124
1 1 1
96 96 96
103 103 103
102 102 102
251 251 251
255 255 255
151 151 151
74 74 74
129 129 129
2 2 2
101 101 101
218 218 218
255 255 255
255 255 255
255 255 255
255 255 255
255 255 255
255 255 255
255 255 255
255 255 255
255 255 255
255 255 255
255 255 255
255 255 255
255 255 255
255 255 255
255 255 255
255 255 255
255 255 255
255 255 255
255 255 255
255 255 255
255 255 255
255 255 255
255 255 255
233 233 233
164 164 164
40 40 40
221 221 221
255 255 255
255 255 255
242 242 242
72 72 72
145 145 145
218 218 218
255 255 255
255 255 255
255 255 255
255 255 255
255 255 255
255 255 255
255 255 255
255 255 255
255 255 255
255 255 255
255 255 255
255 255 255
255 255 255
255 255 255
255 255 255
255 255 255
255 255 255
255 255 255
255 255 255
255 255 255
255 255 255
255 255 255
255 255 255
255 255 255
255 255 255
255 255 255
255 255 255
255 255 255
255 255 255
255 255 255
255 255 255
255 255 255
255 255 255
255 255 255
255 255 255
255 255 255
255 255 255
255 255 255
255 255 255
255 255 255
255 255 255
255 255 255
255 255 255
255 255 255
255 255 255
255 255 255
255 255 255
