33 33 33
33 33 33
33 33 33
33 33 33
33 33 33
33 33 33
33 33 33
33 33 33
33 33 33
33 33 33
33 33 33
33 33 33
33 33 33
33 33 33
33 33 33
33 33 33
33 33 33
33 33 33
33 33 33
33 33 33
33 33 33
33 33 33
33 33 33
33 33 33
33 33 33
33 33 33
33 33 33
33 33 33
33 33 33
33 33 33
33 33 33
33 33 33
33 33 33
33 33 33
33 33 33
33 33 33
33 33 33
33 33 33
33 33 33
33 33 33
33 33 33
33 33 33
33 33 33
33 33 33
33 33 33
33 33 33
33 33 33
33 33 33
33 33 33
33 33 33
33 33 33
33 33 33
33 33 33
33 33 33
33 33 33
33 33 33
33 33 33
33 33 33
33 33 33
33 33 33
33 33 33
33 33 33
33 33 33
33 33 33
33 33 33
33 33 33
33 33 33
33 33 33
33 33 33
33 33 33
33 33 33
33 33 33
33 33 33
33 33 33
33 33 33
33 33 33
33 33 33
33 33 33
33 33 33
33 33 33
33 33 33
33 33 33
33 33 33
47 47 47
67 67 67
81 81 81
50 50 50
33 33 33
33 33 33
49 49 49
81 81 81
68 68 68
47 47 47
33 33 33
33 33 33
33 33 33
33 33 33
33 33 33
33 33 33
33 33 33
33 33 33
33 33 33
33 33 33
33 33 33
33 33 33
33 33 33
33 33 33
33 33 33
33 33 33
33 33 33
33 33 33
33 33 33
33 33 33
33 33 33
33 33 33
33 33 33
39 39 39
74 74 74
83 83 83
71 71 71
72 72 72
78 78 78
35 35 35
35 35 35
77 77 77
73 73 73
71 71 71
83 83 83
74 74 74
40 40 40
33 33 33
33 33 33
33 33 33
33 33 33
33 33 33
33 33 33
33 33 33
33 33 33
33 33 33
33 33 33
33 33 33
33 33 33
33 33 33
33 33 33
33 33 33
33 33 33
33 33 33
33 33 33
33 33 33
33 33 33
33 33 33
40 40 40
83 83 83
52 52 52
33 33 33
37 37 37
79 79 79
70 70 70
69 69 69
79 79 79
37 37 37
33 33 33
52 52 52
83 83 83
44 44 44
33 33 33
33 33 33
33 33 33
33 33 33
33 33 33
33 33 33
33 33 33
33 33 33
33 33 33
33 33 33
33 33 33
33 33 33
33 33 33
33 33 33
33 33 33
33 33 33
33 33 33
33 33 33
33 33 33
33 33 33
33 33 33
33 33 33
78 78 78
56 56 56
33 33 33
33 33 33
53 53 53
77 77 77
77 77 77
53 53 53
33 33 33
33 33 33
55 55 55
80 80 80
33 33 33
33 33 33
33 33 33
33 33 33
33 33 33
33 33 33
33 33 33
33 33 33
33 33 33
33 33 33
33 33 33
33 33 33
33 33 33
33 33 33
33 33 33
33 33 33
33 33 33
33 33 33
33 33 33
40 40 40
44 44 44
33 33 33
33 33 33
71 71 71
67 67 67
33 33 33
33 33 33
33 33 33
33 33 33
33 33 33
33 33 33
33 33 33
33 33 33
67 67 67
74 74 74
33 33 33
33 33 33
41 41 41
40 40 40
33 33 33
33 33 33
33 33 33
33 33 33
33 33 33
33 33 33
33 33 33
33 33 33
33 33 33
33 33 33
33 33 33
33 33 33
33 33 33
33 33 33
33 33 33
73 73 73
83 83 83
80 80 80
73 73 73
82 82 82
58 58 58
33 33 33
33 33 33
33 33 33
33 33 33
33 33 33
33 33 33
33 33 33
33 33 33
58 58 58
82 82 82
72 72 72
79 79 79
83 83 83
75 75 75
33 33 33
33 33 33
33 33 33
33 33 33
33 33 33
33 33 33
33 33 33
33 33 33
33 33 33
33 33 33
33 33 33
33 33 33
33 33 33
33 33 33
45 45 45
83 83 83
51 51 51
53 53 53
65 65 65
57 57 57
33 33 33
33 33 33
33 33 33
33 33 33
38 38 38
38 38 38
33 33 33
33 33 33
33 33 33
33 33 33
58 58 58
65 65 65
54 54 54
54 54 54
83 83 83
47 47 47
33 33 33
33 33 33
33 33 33
33 33 33
33 33 33
33 33 33
33 33 33
33 33 33
33 33 33
33 33 33
33 33 33
33 33 33
33 33 33
66 66 66
72 72 72
33 33 33
33 33 33
33 33 33
33 33 33
33 33 33
33 33 33
55 55 55
78 78 78
83 83 83
83 83 83
76 76 76
51 51 51
33 33 33
33 33 33
33 33 33
33 33 33
33 33 33
33 33 33
73 73 73
69 69 69
33 33 33
33 33 33
33 33 33
33 33 33
33 33 33
33 33 33
33 33 33
33 33 33
33 33 33
33 33 33
33 33 33
33 33 33
33 33 33
79 79 79
74 74 74
37 37 37
33 33 33
33 33 33
33 33 33
33 33 33
55 55 55
82 82 82
62 62 62
40 40 40
40 40 40
62 62 62
82 82 82
51 51 51
33 33 33
33 33 33
33 33 33
33 33 33
37 37 37
75 75 75
81 81 81
33 33 33
33 33 33
33 33 33
33 33 33
33 33 33
33 33 33
33 33 33
33 33 33
33 33 33
33 33 33
33 33 33
33 33 33
33 33 33
50 50 50
78 78 78
80 80 80
55 55 55
33 33 33
33 33 33
33 33 33
77 77 77
62 62 62
33 33 33
33 33 33
33 33 33
33 33 33
62 62 62
76 76 76
33 33 33
33 33 33
33 33 33
55 55 55
79 79 79
78 78 78
53 53 53
33 33 33
33 33 33
33 33 33
33 33 33
33 33 33
33 33 33
33 33 33
33 33 33
33 33 33
33 33 33
33 33 33
33 33 33
33 33 33
33 33 33
35 35 35
68 68 68
77 77 77
33 33 33
33 33 33
40 40 40
83 83 83
44 44 44
33 33 33
33 33 33
33 33 33
33 33 33
44 44 44
83 83 83
37 37 37
33 33 33
33 33 33
80 80 80
68 68 68
35 35 35
33 33 33
33 33 33
33 33 33
33 33 33
33 33 33
33 33 33
33 33 33
33 33 33
33 33 33
33 33 33
33 33 33
33 33 33
33 33 33
33 33 33
33 33 33
35 35 35
68 68 68
77 77 77
33 33 33
33 33 33
39 39 39
83 83 83
44 44 44
33 33 33
33 33 33
33 33 33
33 33 33
44 44 44
83 83 83
37 37 37
33 33 33
33 33 33
79 79 79
67 67 67
33 33 33
33 33 33
33 33 33
33 33 33
33 33 33
33 33 33
33 33 33
33 33 33
33 33 33
33 33 33
33 33 33
33 33 33
33 33 33
33 33 33
33 33 33
50 50 50
78 78 78
77 77 77
50 50 50
33 33 33
33 33 33
33 33 33
77 77 77
64 64 64
33 33 33
33 33 33
33 33 33
33 33 33
63 63 63
76 76 76
33 33 33
33 33 33
33 33 33
53 53 53
79 79 79
77 77 77
48 48 48
33 33 33
33 33 33
33 33 33
33 33 33
33 33 33
33 33 33
33 33 33
33 33 33
33 33 33
33 33 33
33 33 33
33 33 33
33 33 33
79 79 79
73 73 73
36 36 36
33 33 33
33 33 33
33 33 33
33 33 33
50 50 50
83 83 83
65 65 65
45 45 45
45 45 45
65 65 65
82 82 82
50 50 50
33 33 33
33 33 33
33 33 33
33 33 33
37 37 37
73 73 73
79 79 79
33 33 33
33 33 33
33 33 33
33 33 33
33 33 33
33 33 33
33 33 33
33 33 33
33 33 33
33 33 33
33 33 33
33 33 33
33 33 33
66 66 66
74 74 74
33 33 33
33 33 33
33 33 33
33 33 33
33 33 33
33 33 33
50 50 50
76 76 76
83 83 83
83 83 83
75 75 75
50 50 50
33 33 33
33 33 33
33 33 33
33 33 33
33 33 33
33 33 33
73 73 73
66 66 66
33 33 33
33 33 33
33 33 33
33 33 33
33 33 33
33 33 33
33 33 33
33 33 33
33 33 33
33 33 33
33 33 33
33 33 33
33 33 33
45 45 45
83 83 83
55 55 55
57 57 57
68 68 68
61 61 61
33 33 33
33 33 33
33 33 33
33 33 33
36 36 36
36 36 36
33 33 33
33 33 33
33 33 33
33 33 33
58 58 58
66 66 66
55 55 55
53 53 53
83 83 83
42 42 42
33 33 33
33 33 33
33 33 33
33 33 33
33 33 33
33 33 33
33 33 33
33 33 33
33 33 33
33 33 33
33 33 33
33 33 33
33 33 33
33 33 33
73 73 73
83 83 83
79 79 79
72 72 72
82 82 82
61 61 61
33 33 33
33 33 33
33 33 33
33 33 33
33 33 33
33 33 33
33 33 33
33 33 33
59 59 59
82 82 82
73 73 73
80 80 80
83 83 83
72 72 72
33 33 33
33 33 33
33 33 33
33 33 33
33 33 33
33 33 33
33 33 33
33 33 33
33 33 33
33 33 33
33 33 33
33 33 33
33 33 33
33 33 33
33 33 33
39 39 39
40 40 40
33 33 33
33 33 33
75 75 75
65 65 65
33 33 33
33 33 33
33 33 33
33 33 33
33 33 33
33 33 33
33 33 33
33 33 33
66 66 66
70 70 70
33 33 33
33 33 33
42 42 42
39 39 39
33 33 33
33 33 33
33 33 33
33 33 33
33 33 33
33 33 33
33 33 33
33 33 33
33 33 33
33 33 33
33 33 33
33 33 33
33 33 33
33 33 33
33 33 33
33 33 33
33 33 33
33 33 33
33 33 33
81 81 81
54 54 54
33 33 33
33 33 33
54 54 54
79 79 79
79 79 79
54 54 54
33 33 33
33 33 33
55 55 55
78 78 78
33 33 33
33 33 33
33 33 33
33 33 33
33 33 33
33 33 33
33 33 33
33 33 33
33 33 33
33 33 33
33 33 33
33 33 33
33 33 33
33 33 33
33 33 33
33 33 33
33 33 33
33 33 33
33 33 33
33 33 33
33 33 33
33 33 33
45 45 45
83 83 83
55 55 55
33 33 33
37 37 37
79 79 79
68 68 68
70 70 70
79 79 79
37 37 37
33 33 33
54 54 54
83 83 83
39 39 39
33 33 33
33 33 33
33 33 33
33 33 33
33 33 33
33 33 33
33 33 33
33 33 33
33 33 33
33 33 33
33 33 33
33 33 33
33 33 33
33 33 33
33 33 33
33 33 33
33 33 33
33 33 33
33 33 33
33 33 33
33 33 33
40 40 40
75 75 75
83 83 83
74 74 74
75 75 75
75 75 75
33 33 33
35 35 35
78 78 78
74 74 74
73 73 73
83 83 83
73 73 73
38 38 38
33 33 33
33 33 33
33 33 33
33 33 33
33 33 33
33 33 33
33 33 33
33 33 33
33 33 33
33 33 33
33 33 33
33 33 33
33 33 33
33 33 33
33 33 33
33 33 33
33 33 33
33 33 33
33 33 33
33 33 33
33 33 33
33 33 33
33 33 33
47 47 47
69 69 69
81 81 81
47 47 47
33 33 33
33 33 33
53 53 53
81 81 81
67 67 67
46 46 46
33 33 33
33 33 33
33 33 33
33 33 33
33 33 33
33 33 33
33 33 33
33 33 33
33 33 33
33 33 33
33 33 33
33 33 33
33 33 33
33 33 33
33 33 33
33 33 33
33 33 33
33 33 33
33 33 33
33 33 33
33 33 33
33 33 33
33 33 33
33 33 33
33 33 33
33 33 33
33 33 33
33 33 33
33 33 33
33 33 33
33 33 33
33 33 33
33 33 33
33 33 33
33 33 33
33 33 33
33 33 33
33 33 33
33 33 33
33 33 33
33 33 33
33 33 33
33 33 33
33 33 33
33 33 33
33 33 33
33 33 33
