33 33 33
33 33 33
33 33 33
33 33 33
33 33 33
33 33 33
33 33 33
33 33 33
33 33 33
33 33 33
33 33 33
33 33 33
33 33 33
33 33 33
33 33 33
33 33 33
33 33 33
33 33 33
33 33 33
33 33 33
33 33 33
33 33 33
33 33 33
33 33 33
33 33 33
33 33 33
33 33 33
33 33 33
33 33 33
33 33 33
33 33 33
33 33 33
33 33 33
33 33 33
33 33 33
33 33 33
33 33 33
33 33 33
33 33 33
33 33 33
33 33 33
33 33 33
33 33 33
33 33 33
33 33 33
33 33 33
33 33 33
33 33 33
33 33 33
33 33 33
33 33 33
33 33 33
33 33 33
33 33 33
33 33 33
33 33 33
33 33 33
33 33 33
33 33 33
33 33 33
33 33 33
33 33 33
33 33 33
33 33 33
33 33 33
33 33 33
33 33 33
33 33 33
33 33 33
33 33 33
33 33 33
33 33 33
33 33 33
33 33 33
33 33 33
33 33 33
33 33 33
33 33 33
33 33 33
33 33 33
33 33 33
33 33 33
33 33 33
33 33 33
33 33 33
33 33 33
33 33 33
33 33 33
33 33 33
33 33 33
33 33 33
33 33 33
33 33 33
33 33 33
33 33 33
33 33 33
33 33 33
33 33 33
33 33 33
33 33 33
33 33 33
33 33 33
33 33 33
33 33 33
33 33 33
33 33 33
33 33 33
33 33 33
33 33 33
33 33 33
33 33 33
33 33 33
33 33 33
33 33 33
33 33 33
33 33 33
33 33 33
33 33 33
42 42 42
156 156 156
224 224 224
232 232 232
45 45 45
33 33 33
42 42 42
230 230 230
226 226 226
156 156 156
42 42 42
33 33 33
33 33 33
33 33 33
33 33 33
33 33 33
33 33 33
33 33 33
33 33 33
33 33 33
33 33 33
33 33 33
33 33 33
33 33 33
33 33 33
33 33 33
33 33 33
33 33 33
33 33 33
33 33 33
33 33 33
33 33 33
33 33 33
33 33 33
132 132 132
245 245 245
239 239 239
187 187 187
239 239 239
183 183 183
33 33 33
174 174 174
239 239 239
189 189 189
239 239 239
245 245 245
133 133 133
33 33 33
33 33 33
33 33 33
33 33 33
33 33 33
33 33 33
33 33 33
33 33 33
33 33 33
33 33 33
33 33 33
33 33 33
33 33 33
33 33 33
33 33 33
33 33 33
33 33 33
33 33 33
33 33 33
33 33 33
33 33 33
33 33 33
147 147 147
249 249 249
52 52 52
33 33 33
141 141 141
251 251 251
200 200 200
250 250 250
141 141 141
33 33 33
52 52 52
249 249 249
160 160 160
33 33 33
33 33 33
33 33 33
33 33 33
33 33 33
33 33 33
33 33 33
33 33 33
33 33 33
33 33 33
33 33 33
33 33 33
33 33 33
33 33 33
33 33 33
33 33 33
33 33 33
33 33 33
33 33 33
33 33 33
33 33 33
33 33 33
78 78 78
255 255 255
85 85 85
33 33 33
33 33 33
187 187 187
214 214 214
187 187 187
33 33 33
33 33 33
85 85 85
255 255 255
100 100 100
33 33 33
33 33 33
33 33 33
33 33 33
33 33 33
33 33 33
33 33 33
33 33 33
33 33 33
33 33 33
33 33 33
33 33 33
33 33 33
33 33 33
33 33 33
33 33 33
33 33 33
33 33 33
33 33 33
133 133 133
156 156 156
98 98 98
47 47 47
248 248 248
153 153 153
33 33 33
33 33 33
33 33 33
33 33 33
33 33 33
33 33 33
33 33 33
151 151 151
255 255 255
63 63 63
89 89 89
152 152 152
137 137 137
33 33 33
33 33 33
33 33 33
33 33 33
33 33 33
33 33 33
33 33 33
33 33 33
33 33 33
33 33 33
33 33 33
33 33 33
33 33 33
33 33 33
33 33 33
37 37 37
241 241 241
242 242 242
255 255 255
252 252 252
232 232 232
84 84 84
33 33 33
33 33 33
33 33 33
33 33 33
33 33 33
33 33 33
33 33 33
83 83 83
232 232 232
249 249 249
255 255 255
247 247 247
245 245 245
40 40 40
33 33 33
33 33 33
33 33 33
33 33 33
33 33 33
33 33 33
33 33 33
33 33 33
33 33 33
33 33 33
33 33 33
33 33 33
33 33 33
33 33 33
154 154 154
242 242 242
52 52 52
72 72 72
141 141 141
74 74 74
33 33 33
33 33 33
61 61 61
154 154 154
171 171 171
149 149 149
58 58 58
33 33 33
33 33 33
83 83 83
149 149 149
78 78 78
52 52 52
243 243 243
161 161 161
33 33 33
33 33 33
33 33 33
33 33 33
33 33 33
33 33 33
33 33 33
33 33 33
33 33 33
33 33 33
33 33 33
33 33 33
33 33 33
33 33 33
219 219 219
190 190 190
33 33 33
33 33 33
33 33 33
33 33 33
33 33 33
110 110 110
241 241 241
241 241 241
216 216 216
241 241 241
236 236 236
109 109 109
33 33 33
33 33 33
33 33 33
33 33 33
33 33 33
194 194 194
228 228 228
33 33 33
33 33 33
33 33 33
33 33 33
33 33 33
33 33 33
33 33 33
33 33 33
33 33 33
33 33 33
33 33 33
33 33 33
33 33 33
33 33 33
229 229 229
243 243 243
149 149 149
33 33 33
33 33 33
33 33 33
58 58 58
241 241 241
194 194 194
38 38 38
33 33 33
38 38 38
194 194 194
236 236 236
35 35 35
33 33 33
33 33 33
33 33 33
149 149 149
243 243 243
235 235 235
33 33 33
33 33 33
33 33 33
33 33 33
33 33 33
33 33 33
33 33 33
33 33 33
33 33 33
33 33 33
33 33 33
33 33 33
33 33 33
33 33 33
42 42 42
174 174 174
250 250 250
189 189 189
33 33 33
33 33 33
155 155 155
242 242 242
38 38 38
33 33 33
33 33 33
33 33 33
38 38 38
242 242 242
149 149 149
33 33 33
33 33 33
198 198 198
250 250 250
186 186 186
49 49 49
33 33 33
33 33 33
33 33 33
33 33 33
33 33 33
33 33 33
33 33 33
33 33 33
33 33 33
33 33 33
33 33 33
33 33 33
33 33 33
33 33 33
33 33 33
33 33 33
195 195 195
214 214 214
33 33 33
33 33 33
173 173 173
229 229 229
33 33 33
33 33 33
33 33 33
33 33 33
33 33 33
229 229 229
171 171 171
33 33 33
33 33 33
222 222 222
186 186 186
33 33 33
33 33 33
33 33 33
33 33 33
33 33 33
33 33 33
33 33 33
33 33 33
33 33 33
33 33 33
33 33 33
33 33 33
33 33 33
33 33 33
33 33 33
33 33 33
42 42 42
176 176 176
250 250 250
180 180 180
33 33 33
33 33 33
149 149 149
242 242 242
46 46 46
33 33 33
33 33 33
33 33 33
46 46 46
242 242 242
146 146 146
33 33 33
33 33 33
192 192 192
250 250 250
174 174 174
36 36 36
33 33 33
33 33 33
33 33 33
33 33 33
33 33 33
33 33 33
33 33 33
33 33 33
33 33 33
33 33 33
33 33 33
33 33 33
33 33 33
33 33 33
229 229 229
240 240 240
134 134 134
33 33 33
33 33 33
33 33 33
58 58 58
236 236 236
203 203 203
45 45 45
33 33 33
45 45 45
203 203 203
236 236 236
33 33 33
33 33 33
33 33 33
33 33 33
141 141 141
240 240 240
225 225 225
33 33 33
33 33 33
33 33 33
33 33 33
33 33 33
33 33 33
33 33 33
33 33 33
33 33 33
33 33 33
33 33 33
33 33 33
33 33 33
33 33 33
219 219 219
199 199 199
33 33 33
33 33 33
33 33 33
33 33 33
33 33 33
105 105 105
236 236 236
245 245 245
229 229 229
245 245 245
233 233 233
103 103 103
33 33 33
33 33 33
33 33 33
33 33 33
33 33 33
190 190 190
219 219 219
33 33 33
33 33 33
33 33 33
33 33 33
33 33 33
33 33 33
33 33 33
33 33 33
33 33 33
33 33 33
33 33 33
33 33 33
33 33 33
33 33 33
154 154 154
245 245 245
66 66 66
96 96 96
162 162 162
100 100 100
33 33 33
33 33 33
33 33 33
143 143 143
171 171 171
143 143 143
33 33 33
33 33 33
33 33 33
83 83 83
153 153 153
86 86 86
52 52 52
242 242 242
146 146 146
33 33 33
33 33 33
33 33 33
33 33 33
33 33 33
33 33 33
33 33 33
33 33 33
33 33 33
33 33 33
33 33 33
33 33 33
33 33 33
33 33 33
37 37 37
242 242 242
254 254 254
255 255 255
250 250 250
241 241 241
97 97 97
33 33 33
33 33 33
33 33 33
33 33 33
33 33 33
33 33 33
33 33 33
83 83 83
232 232 232
250 250 250
255 255 255
247 247 247
238 238 238
33 33 33
33 33 33
33 33 33
33 33 33
33 33 33
33 33 33
33 33 33
33 33 33
33 33 33
33 33 33
33 33 33
33 33 33
33 33 33
33 33 33
33 33 33
33 33 33
132 132 132
151 151 151
89 89 89
61 61 61
255 255 255
151 151 151
33 33 33
33 33 33
33 33 33
33 33 33
33 33 33
33 33 33
33 33 33
153 153 153
246 246 246
46 46 46
95 95 95
156 156 156
128 128 128
33 33 33
33 33 33
33 33 33
33 33 33
33 33 33
33 33 33
33 33 33
33 33 33
33 33 33
33 33 33
33 33 33
33 33 33
33 33 33
33 33 33
33 33 33
33 33 33
33 33 33
33 33 33
33 33 33
105 105 105
255 255 255
86 86 86
33 33 33
33 33 33
194 194 194
216 216 216
194 194 194
33 33 33
33 33 33
86 86 86
255 255 255
69 69 69
33 33 33
33 33 33
33 33 33
33 33 33
33 33 33
33 33 33
33 33 33
33 33 33
33 33 33
33 33 33
33 33 33
33 33 33
33 33 33
33 33 33
33 33 33
33 33 33
33 33 33
33 33 33
33 33 33
33 33 33
33 33 33
33 33 33
161 161 161
247 247 247
66 66 66
33 33 33
149 149 149
250 250 250
200 200 200
251 251 251
147 147 147
33 33 33
51 51 51
247 247 247
145 145 145
33 33 33
33 33 33
33 33 33
33 33 33
33 33 33
33 33 33
33 33 33
33 33 33
33 33 33
33 33 33
33 33 33
33 33 33
33 33 33
33 33 33
33 33 33
33 33 33
33 33 33
33 33 33
33 33 33
33 33 33
33 33 33
33 33 33
142 142 142
245 245 245
245 245 245
197 197 197
243 243 243
172 172 172
33 33 33
187 187 187
242 242 242
192 192 192
243 243 243
242 242 242
126 126 126
33 33 33
33 33 33
33 33 33
33 33 33
33 33 33
33 33 33
33 33 33
33 33 33
33 33 33
33 33 33
33 33 33
33 33 33
33 33 33
33 33 33
33 33 33
33 33 33
33 33 33
33 33 33
33 33 33
33 33 33
33 33 33
33 33 33
33 33 33
40 40 40
163 163 163
228 228 228
227 227 227
33 33 33
33 33 33
48 48 48
236 236 236
224 224 224
154 154 154
42 42 42
33 33 33
33 33 33
33 33 33
33 33 33
33 33 33
33 33 33
33 33 33
33 33 33
33 33 33
33 33 33
33 33 33
33 33 33
33 33 33
33 33 33
33 33 33
33 33 33
33 33 33
33 33 33
33 33 33
33 33 33
33 33 33
33 33 33
33 33 33
33 33 33
33 33 33
33 33 33
33 33 33
33 33 33
33 33 33
33 33 33
33 33 33
33 33 33
33 33 33
33 33 33
33 33 33
33 33 33
33 33 33
33 33 33
33 33 33
33 33 33
33 33 33
33 33 33
33 33 33
33 33 33
33 33 33
33 33 33
